jenis_angkutan,jenis_trayek,no_trayek,nama_trayek,terminal,kode_wilayah,wilayah,suku_dinas,rute_berangkat,rute_kembali
Bus Sedang,Metromini,B80,Kalideres - Grogol,Kalideres,B,Jakarta Barat,Jakbar,kalideres -- jelambar -- jelambar -- angke -- jembatan lima -- kenari -- grogol -- grogol utara -- ,grogol utara -- grogol -- kenari -- jembatan lima -- angke -- jelambar -- jelambar -- kalideres -- 
K W K,-,B01,Grogol - Muara Angke,Grogol,B,Jakarta Barat,Jakbar,grogol utara -- angke -- pejagalan -- pejagalan -- pluit -- pluit -- pluit -- pluit -- angke -- ,angke -- pluit -- pluit -- pluit -- pluit -- pejagalan -- angke -- grogol utara -- 
Bus Sedang,Metromini,B82,Grogol - Kalideres,Grogol,B,Jakarta Barat,Jakbar,grogol utara -- jelambar -- jelambar -- kedaung kali angke -- kapuk muara -- kamal -- kalideres -- ,kalideres -- kamal -- kapuk muara -- kedaung kali angke -- jelambar -- jelambar -- grogol utara -- 
K W K,-,B02,Kota - Warung Gantung,Kota,B,Jakarta Barat,Jakbar,kota bambu utara -- angke -- jelambar -- cengkareng barat -- warung gantung -- ,warung gantung -- cengkareng barat -- jelambar -- angke -- kedaung kali angke -- 
Mikrolet,-,M01,Term. Kampung Melayu - Senen,Kampung Melayu,T,Jakarta Timur,Jaktim,kampung melayu -- jati -- kebon manggis -- kenari -- kramat -- senen -- senen -- senen -- pasar baru -- gunung sahari selatan -- senen -- bungur -- kemayoran -- kemayoran -- ,kampung melayu -- jati -- kebon manggis -- kramat -- kampung rawa -- tanah tinggi -- bptr-suprapto -- cempaka putih timur -- kali baru -- kemayoran -- senen -- kemayoran -- bungur -- 
Bus Sedang,Metromoni,B83,Grogol -- Kapuk,Grogol,B,Jakarta Barat,Jakbar,grogol utara -- jelambar -- pejagalan -- pejagalan -- pejagalan -- kapuk muara -- ,kapuk muara -- pejagalan -- pejagalan -- pejagalan -- jelambar -- grogol utara -- 
Mikrolet,-,M01A,Term. Kampung Melayu - Senen,Kampung Melayu,T,Jakarta Timur,Jaktim,kampung melayu -- jati -- kebon manggis -- kenari -- kramat -- senen -- senen -- senen -- pasar baru -- gunung sahari selatan -- senen -- ,senen -- senen -- gunung sahari selatan -- pasar baru -- senen -- senen -- senen -- kramat -- kenari -- kebon manggis -- jati -- kampung melayu -- 
Bus Sedang,Metromini,B84,Term. Kalideres - Term. Kota,Kalideres,B,Jakarta Barat,Jakbar,kalideres -- jelambar -- cengkareng barat -- duri kepa -- lagoa -- cengkareng barat -- kamal -- kembangan selatan -- pluit -- pejagalan -- pluit -- gd panjang -- pluit -- pinangsia -- baru -- kota bambu utara -- ,kota bambu utara -- baru -- pinangsia -- pluit -- gd panjang -- pluit -- pejagalan -- pluit -- kembangan selatan -- kamal -- cengkareng barat -- lagoa -- duri kepa -- cengkareng barat -- jelambar -- kalideres -- 
K W K,-,B03,Meruya Ilir - Citraland,Meruya Ilir,B,Jakarta Barat,Jakbar,meruya selatan -- meruya utara -- meruya selatan -- pesanggrahan -- pinggir toll -- kebon jeruk -- duri kepa -- duri kepa -- lap. tenis yadika -- tanjung duren utara -- tanjung duren utara -- tanjung duren utara -- citraland -- ,citraland -- tanjung duren utara -- tanjung duren utara -- tanjung duren utara -- lap. tenis yadika -- duri kepa -- duri kepa -- kebon jeruk -- pinggir toll -- sanggaran -- meruya selatan -- meruya utara -- meruya selatan -- 
Mikrolet,-,M01B,Kampung Melayu - Term. Senen,Kampung Melayu,T,Jakarta Timur,Jaktim,kampung melayu -- jati -- kebon manggis -- kenari -- kramat -- senen -- gunung -- pasar baru -- pasar baru -- pasar baru -- gunung -- berputar di dorbrak mabes ang -- ,senen -- senen -- gunung -- berputar di dorbrak mabes angkatan laut -- gunung -- pasar baru -- pasar baru -- pasar baru -- gunung -- senen -- kramat -- paseban -- 
Mikrolet,-,M01G,Term. Kampung Melayu - Senen,Kampung Melayu,T,Jakarta Timur,LI AJ Jaktim,kampung melayu -- jati -- kebon manggis -- kenari -- kramat -- senen -- pasar baru -- gunung -- gunung -- senen -- ,senen -- senen -- gunung -- gunung -- pasar baru -- senen -- kramat -- kenari -- kebon manggis -- jati -- kampung melayu -- 
Mikrolet,-,M02,Kampung Melayu - Pulo Gadung,Kampung Melayu,T,Jakarta Timur,Jaktim,kampung melayu -- bali mester -- cipinang besar utara -- bekasi timur -- pisangan timur -- pisangan timur -- pisangan timur -- pisangan timur -- jati -- jati -- kapuk -- jati -- jati -- kayu putih -- gambir -- ,pulo gadung -- cakung -- gudang palad -- kayu putih -- jati -- jati -- kapuk -- jati -- jati -- pisangan timur -- pisangan timur -- pisangan timur -- pisangan timur -- bekasi timur -- di. -- 
Mikrolet,-,M03,Kampung Melayu - Komplek PWI,Kampung Melayu,T,Jakarta Timur,Jaktim,kampung melayu -- jati -- kebon manggis -- jati -- bidaracina -- bidaracina -- putar by pass -- cipinang cempedak -- cipinang muara -- ,cipinang muara -- cipinang cempedak -- putar by pass -- bidaracina -- bidaracina -- jati -- kebon manggis -- jati -- kampung melayu -- 
K W K,-,B04,Kalideres - Meruya Ilir,Kalideres,B,Jakarta Barat,Jakbar,kalideres -- semanan -- duri kosambi -- kembangan selatan -- kebon jeruk -- meruya utara -- ,meruya utara -- kebon jeruk -- kembangan selatan -- duri kosambi -- semanan -- kalideres -- 
Mikrolet,-,M04,Cililitan - Rawasari,Cililitan,T,Jakarta Timur,Jaktim,cililitan -- cawang -- cipinang besar utara -- cipinang -- cipinang -- bekasi timur -- cip. kebembem -- pisangan timur -- pisangan timur -- jati -- jati -- jati -- kayu putih -- kayu putih -- jati -- mampang prapatan -- ,rawasari -- jati -- kayu putih -- kayu putih -- jati -- jati -- jati -- pisangan timur -- pisangan timur -- cip. kebembem -- bekasi timur -- cipinang -- cipinang -- cipinang besar utara -- cawang -- karet tengsin -- 
Bus Sedang,Metromini,B85,Kalideres - Lebak Bulus,Kalideres,B,Jakarta Barat,Jakbar,kalideres -- jelambar -- rawa buaya -- duri kosambi -- kembangan selatan -- kembangan selatan -- kembangan selatan -- penjara wanita -- jembatan tol -- jl. asyirat -- kebayoran lama utara -- kebayoran lama utara -- lebak bulus -- ,lebak bulus -- kebayoran lama utara -- kebayoran lama utara -- jl. asyirat -- jembatan tol -- penjara wanita -- kembangan selatan -- kembangan selatan -- kembangan selatan -- duri kosambi -- rawa buaya -- jelambar -- kalideres -- 
Bus Sedang,Metromini,B91,Tanah Abang - Batusari,Tanah Abang,P,Jakarta Pusat,Jakpus,jati -- cideng -- cideng -- grogol -- palmerah -- tanjung duren utara -- kemanggisan -- palmerah -- ,palmerah -- kemanggisan -- tanjung duren utara -- palmerah -- grogol -- cideng -- cideng -- jati -- 
Bus Sedang,Metromini,B92,Tanah Abang - Ciledug,Tanah Abang,P,Jakarta Pusat,Jakpus,tanah abang -- jati -- cideng -- cideng -- grogol -- jelambar -- jelambar -- kedoya selatan -- joglo -- ciledug -- ,ciledug -- joglo -- kedoya selatan -- jelambar -- jelambar -- grogol -- cideng -- cideng -- jati -- tanah abang -- 
Mikrolet,-,M06,Kampung Melayu - Gandaria,Kampung Melayu,T,Jakarta Timur,Jaktim,kampung melayu -- bidaracina -- cawang -- kramat -- kramat jati -- gandaria utara -- ,gandaria utara -- kramat jati -- kramat -- cawang -- bidaracina -- kampung melayu -- 
Mikrolet,-,M06A,Kampung Melayu - Gandaria,Kampung Melayu,T,Jakarta Timur,Jaktim,gandaria utara -- kramat jati -- kramat -- cawang -- cipinang besar utara -- cempaka putih timur -- cakung -- jati -- rawa bunga -- jati -- jati -- jati -- slamet riyadi -- bunderan slamet riy -- ,ahmad yani dst -- cakung -- kebon manggis -- bunderan slamet riyadi -- slamet riyadi -- jati -- jati -- jati -- rawa bunga -- jati -- cakung -- cempaka putih timur -- tegal parang -- 
Bus Sedang,Metromini,P01,Senen - Taman Solo,Senen,P,Jakarta Pusat,Jakpus,senen -- bungur -- senen -- harapan mulia -- rs. islam -- cemp. p. t. xxvii -- kembangan selatan -- ,kembangan selatan -- cemp. p. t. xxvii -- rs. islam -- harapan mulia -- senen -- bungur -- senen -- 
Mikrolet,-,M07,Term. Cililitan - Komplek Halim,Cililitan,T,Jakarta Timur,Jaktim,cililitan -- komplek halim dpn -- duren tiga -- cililitan -- halim perdanakusumah -- ,halim perdanakusumah -- cililitan -- duren tiga -- komplek halim dpn -- cililitan -- 
Mikrolet,-,M08,Tanah Abang - Kota,Kota,B,Jakarta Barat,Jakbar,tanah abang -- jati -- abdul muis -- petojo utara -- petojo selatan -- pela mampang -- pinangsia -- kota bambu utara -- ,kota bambu utara -- pinangsia -- pela mampang -- petojo selatan -- petojo utara -- abdul muis -- jati -- tanah abang -- 
Mikrolet,-,M09,Tanah Abang - Kebayoran Lama,Tanah Abang,P,Jakarta Pusat,Jakpus,tanah abang -- cakung -- petamburan -- slipi -- palmerah -- kebayoran lama utara -- ,kebayoran lama utara -- palmerah -- slipi -- petamburan -- cakung -- tanah abang -- 
Mikrolet,-,M09A,Tanah Abang - Kebayoran Lama,Tanah Abang,P,Jakarta Pusat,Jakpus,tanah abang -- cakung -- petamburan -- slipi -- palmerah -- gandaria selatan -- sukabumi selatan -- sukabumi selatan -- jl. z. kekiri -- grogol selatan -- kebayoran lama utara -- ,kebayoran lama utara -- grogol selatan -- jl. z. kekiri -- sukabumi selatan -- sukabumi selatan -- gandaria selatan -- palmerah -- slipi -- petamburan -- cakung -- tanah abang -- 
Mikrolet,-,M10,Tanah Abang - Kota/Jembatan Lima,Tanah Abang,P,Jakarta Pusat,Jakpus,tanah abang -- jati -- cideng -- krukut -- jembatan lima -- roa malaka -- roa malaka -- roa malaka -- roa malaka -- pejagalan -- roa malaka -- angke -- jembatan lima -- ,jembatan lima -- angke -- roa malaka -- pejagalan -- roa malaka -- roa malaka -- roa malaka -- roa malaka -- jembatan lima -- krukut -- cideng -- jati -- tanah abang -- 
Mikrolet,-,M11,Tanah Abang - Meruya Ilir,Tanah Abang,P,Jakarta Pusat,Jakpus,tanah abang -- cakung -- petamburan -- slipi -- palmerah -- kebon jeruk -- meruya utara -- ,meruya utara -- kebon jeruk -- palmerah -- slipi -- petamburan -- cakung -- tanah abang -- 
Mikrolet,-,M12,Term. Senen - Term. Kota,Senen,P,Jakarta Pusat,Jakpus,senen -- cipinang besar utara -- kemayoran -- gandaria selatan -- galur -- galur -- tanah tinggi -- tanah tinggi -- kramat -- kramat -- kramat -- kramat -- senen -- senen -- senen -- ,kota bambu utara -- petojo selatan -- samanhudi sh -- gunung sahari selatan -- pasar baru -- senen -- senen -- senen -- kramat -- kramat -- kramat -- tanah tinggi -- tanah tinggi -- galur -- 
Bus Sedang,Metromini,P03,Senen - Rawamangun,Senen,P,Jakarta Pusat,Jakpus,senen -- bungur -- senen -- harapan mulia -- cempaka putih timur -- jati -- jati -- jati -- ,jati -- jati -- jati -- cempaka putih timur -- harapan mulia -- senen -- bungur -- senen -- 
Bus Sedang,Metromini,P05,Senen - Kramat Lontar,Senen,P,Jakarta Pusat,Jakpus,senen -- bungur -- senen -- harapan mulia -- cempaka putih barat -- cipinang cempedak -- johar baru -- kramat -- ,kramat -- johar baru -- cipinang cempedak -- cempaka putih barat -- harapan mulia -- senen -- bungur -- senen -- 
Bus Sedang,Metromini,P07,Senen - Bund. Tugu Semper,Senen,P,Jakarta Pusat,Jakpus,senen -- bungur -- senen -- harapan mulia -- sunter agung -- putar sebelum walikota jakut -- tugu utara -- semper barat -- ,semper barat -- tugu utara -- putar sebelum walikota jakut -- sunter agung -- harapan mulia -- senen -- bungur -- senen -- 
Bus Sedang,Metromini,P10,Senen - Sumur Batu,Senen,P,Jakarta Pusat,Jakpus,senen -- bungur -- gunung sahari selatan -- kemayoran -- utan panjang -- utan panjang -- sunter agung -- sumur batu -- ,sumur batu -- sunter agung -- utan panjang -- utan panjang -- kemayoran -- gunung sahari selatan -- bungur -- senen -- 
Bus Sedang,Metromini,P11,Senen - Bendungan Jago,Senen,P,Jakarta Pusat,Jakpus,senen -- gunung sahari selatan -- pasar baru -- pasar baru -- pasar baru -- gunung sahari utara -- bungur -- gunung sahari selatan -- kemayoran -- ,kemayoran -- gunung sahari selatan -- bungur -- gunung sahari utara -- pasar baru -- pasar baru -- pasar baru -- gunung sahari selatan -- senen -- 
Bus Sedang,Metromini,P15,Senen Setia Budi PP,Senen,P,Jakarta Pusat,Jakpus,senen -- senen -- pulo -- kwitang -- kebon sirih -- t. tani -- r. rais  mer sel -- a. salim  pamks -- senayan -- s. budi ry/barat -- ,s. budi ry/barat -- senayan -- a. salim pamks -- r. rais  mer sel -- a hakim t. tani -- kwitang -- pulo -- senen -- senen -- 
Bus Sedang,Metromini,P17,Senen - Manggarai,Senen,P,Jakarta Pusat,Jakpus,senen -- bungur -- kramat -- kramat -- kenari -- cikini -- jl. cilacap -- jl. surabaya -- sukabumi selatan -- guntur -- manggarai -- ,manggarai -- guntur -- sukabumi selatan -- jl. surabaya -- jl. cilacap -- cikini -- kenari -- kramat -- kramat -- bungur -- senen -- 
Bus Sedang,Metromini,S60,Kp. Melayu - Manggarai,Manggarai,S,Jakarta Selatan,Jaksel,kampung melayu -- jati -- bkt duri tjk -- tebet barat -- menteng dalam -- manggarai selatan -- pasar manggis -- manggarai -- ,manggarai -- pasar manggis -- manggarai selatan -- menteng dalam -- tebet barat -- tebet barat -- bkt duri tjk -- jati -- kampung melayu -- 
Bus Sedang,Metromini,S61,Manggarai - Kp. Melayu,Manggarai,S,Jakarta Selatan,Jaksel,manggarai -- manggarai -- manggarai -- bk. duri puteran --slamet riyadi -- kebon manggis -- jati -- kampung melayu -- ,kampung melayu -- jati -- kebon manggis -- slamet riyadi -- bk. duri puteran -- manggarai -- manggarai -- manggarai -- 
Bus Sedang,Metromini,S62,Manggarai - Tg. Barat,Manggarai,S,S. Jaksel,Jaksel,manggarai -- manggarai selatan -- menteng dalam -- pancoran -- pejaten barat -- pasar minggu -- tanjung barat -- pejaten barat -- ptangan r.j.brt -- cengkareng barat -- tanjung barat -- ,tanjung barat -- cengkareng barat -- ptangan r.j.brt -- pejaten barat -- tanjung barat -- pasar minggu -- pejaten barat -- pancoran -- menteng dalam -- manggarai selatan -- manggarai -- 
K W K,-,B05,Puri Mall - Kapuk PP,Kalideres,B,Jakarta Barat,Jakbar,kembangan selatan -- meruya selatan -- kembangan selatan -- pejagalan -- mesjid al fatwa -- rawa buaya -- kota bambu utara -- kelapa gading barat -- rawa buaya -- harapan mulia -- cengkareng drn -- jelambar -- cengkareng drn -- koramil ckr -- tanggul -- ,kapuk -- tanggul barat -- koramil ckr -- cengkareng drn -- jelambar -- cengkareng drn -- harapan mulia -- rawa buaya -- kelapa gading barat -- kota bambu utara -- rawa buaya -- mesjid al fatwa -- pejagalan -- kembangan selatan -- meruya selatan -- 
K W K,-,B06,Term. Kota - Kamal,Kota,B,Jakarta Barat,Jakbar,kota bambu utara -- roa malaka -- pluit -- pejagalan -- kapuk muara -- kamal muara -- ,kamal muara -- kapuk muara -- pejagalan -- pluit -- roa malaka -- kota bambu utara -- 
K W K,-,B07,Term. Rawa Buaya - Rawa Bokor,Rawa Buaya,B,Jakarta Barat,Jakbar,rawa buaya -- kamal -- taman palem lestari -- kelapa gading barat -- citra iii -- tanjung duren utara -- pegadungan -- peta barat -- cengkareng barat -- rawa bokor -- ,rawa bokor -- cengkareng barat -- peta barat -- pegadungan -- tanjung duren utara -- citra iii -- kelapa gading barat -- taman palem lestari -- kamal -- rawa buaya -- 
K W K,-,B07A,Citraland - Kamal,Citraland,B,Jakarta Barat,Jakbar,citraland -- tanjung duren utara -- jl. way besay -- tanjung duren utara -- univ. indonusa -- kamal -- kembangan selatan -- kembangan selatan -- rawa buaya -- kalideres -- jelambar -- cengkareng barat -- kamal -- jelambar -- jati -- kebayoran lama utara -- ,kamal -- jati -- jelambar -- kamal -- cengkareng barat -- jelambar -- kalideres -- rawa buaya -- kembangan selatan -- kembangan selatan -- kamal -- univ. indonusa -- tanjung duren utara -- jl. way besay -- tanjung duren utara -- cit -- 
K W K,-,B08,Grogol - Rawa Buaya,Grogol,B,Jakarta Barat,Jakbar,grogol utara -- jelambar -- senen -- duren sawit -- jelambar -- wijaya kusuma -- angke -- kapuk -- pulo -- rawa buaya -- kapuk -- komp. pakuan -- cengkareng barat -- baru -- kembangan selatan -- rawa buaya -- ,rawa buaya -- kembangan selatan -- baru -- cengkareng barat -- komp. pakuan -- kapuk -- rawa buaya -- pulo -- kapuk -- angke -- wijaya kusuma -- jelambar -- duren sawit -- senen -- jelambar -- grogol utara -- 
K W K,-,B09,Green Garden - P. Kejaksaan,Green Garden,B,Jakarta Barat,Jakbar,sukapura -- kedoya selatan -- kembangan selatan -- pesanggrahan -- meruya utara -- meruya selatan -- joglo -- joglo -- pondok bambu -- ,pondok bambu -- joglo -- joglo -- meruya selatan -- meruya utara -- pesanggrahan -- kembangan selatan -- kedoya selatan -- sukapura -- 
Bus Sedang,Metromini,S64,Ps. Minggu - Rawamangun,Pasar Minggu,S,Jakarta Selatan,Jaksel,rawamangun -- kapuk -- kayu putih -- baru -- baru -- pulo -- cip. penjara -- ry bks tmr -- cipinang besar utara -- cawang -- jl. d sartika -- kalibata -- pejaten barat -- ps ming -- ,pasar minggu -- pejaten barat -- kalibata -- jl. d sartika -- cawang -- cipinang besar utara -- ry bks tmr -- cip. penjara -- pulo -- baru -- baru -- kayu putih -- kapuk -- rawamangun -- 
Bus Sedang,Metromini,S69,Blok M - Cileduk,Blok M,S,Jakarta Selatan,Jaksel,meruya utara -- pulo -- melawai -- kramat pela -- kramat pela -- maphar -- gandaria utara -- velbak -- pondok pinang -- kreo -- cileduk -- ,cileduk -- kreo -- pondok pinang -- velbak -- gandaria utara -- maphar -- kramat pela -- kramat pela -- melawai -- pulo -- meruya utara -- 
Mikrolet,-,M12A,Senen - Mangga Dua Raya,Senen,P,Jakarta Pusat,Jakpus,senen -- bungur -- kepu selatan-poncol -- galur -- galur -- tanah tinggi -- kramat -- kramat -- senen -- senen -- pasar baru -- gunung sahari selatan -- pasar baru -- taman sari -- ,mangga dua selatan -- pinangsia -- mangga dua selatan -- berputar p. jayakarta -- mangga besar -- taman sari -- pasar baru -- gunung sahari selatan -- pasar baru -- senen -- senen -- kramat -- kembangan selatan -- 
Mikrolet,-,M13,Term. Kalideres - Kota,Kalideres,B,Jakarta Barat,Jakbar,kalideres -- kalideres -- pegadungan -- jati -- utan panjang -- cengkareng barat -- kamal -- kamal -- kapuk -- pejagalan -- pejagalan -- pluit -- pluit -- roa malaka -- roa malaka -- roa malaka -- ,kota bambu utara -- roa malaka -- roa malaka -- roa malaka -- pluit -- pluit -- pejagalan -- pejagalan -- kapuk -- kamal -- kamal -- cengkareng barat -- utan panjang -- jati -- pegadungan -- kalideres -- karet tengsin -- 
Mikrolet,-,M14,Tanjung Priok - Cilincing,Tanjung Priok,U,Jakarta Utara,Jakut,tanjung priok -- tanjung priok -- kebon bawang -- kebon bawang -- sunter agung -- kapuk -- cawang -- cilincing -- baru -- duri kosambi -- kelapa dua -- cilincing -- ,cilincing -- kelapa dua -- duri kosambi -- baru -- cilincing -- cawang -- kapuk -- sunter agung -- kebon bawang -- kebon bawang -- tanjung priok -- tanjung priok -- 
Mikrolet,-,M15,Tanjung Priok - Kota,Tanjung Priok,U,Jakarta Utara,Jakut,tanjung priok -- tanjung priok -- pluit -- pinangsia -- pinangsia -- pinangsia -- pela mampang -- pinangsia -- kota bambu utara -- ,kota bambu utara -- pinangsia -- pela mampang -- pinangsia -- pinangsia -- pinangsia -- pluit -- tanjung priok -- tanjung priok -- 
Mikrolet,-,M15A,Tanjung Priok - Kota/Mangga Dua,Tanjung Priok,U,Jakarta Utara,Jakut,tanjung priok -- tanjung priok -- gunung sahari selatan -- pinangsia -- pasar baru -- pinangsia -- pinangsia -- pinangsia -- pinangsia -- pela mampang -- pinangsia -- kota bambu utara -- ,kota bambu utara -- pinangsia -- pela mampang -- pinangsia -- pinangsia -- pinangsia -- pinangsia -- pasar baru -- pinangsia -- gunung sahari selatan -- tanjung priok -- tanjung priok -- 
Mikrolet,-,M16,Kampung Melayu - Pasar Minggu,Kampung Melayu,S,Jakarta Selatan,Jaksel,kampung melayu -- jati -- kebon manggis -- jati -- bidaracina -- cawang -- kalibata -- pasar minggu -- pejaten barat -- jati padang -- ragunan -- pasar minggu -- ,pasar minggu -- ragunan -- jati padang -- pejaten barat -- pasar minggu -- kalibata -- cawang -- bidaracina -- jati -- kebon manggis -- jati -- kampung melayu -- 
Mikrolet,-,M17,Pasar Minggu - Desa Putra,Pasar Minggu,S,Jakarta Selatan,Jaksel,pasar minggu -- ragunan -- jati -- jagakarsa -- jagakarsa -- kayu putih -- gandaria utara -- pabrik ubin -- angke -- baru -- ,baru -- angke -- pabrik ubin -- gandaria utara -- kayu putih -- jagakarsa -- jagakarsa -- jati -- ragunan -- pasar minggu -- 
Mikrolet,-,M17A,Pasar Minggu - Jagakarsa,Pasar MInggu,S,Jakarta Selatan,Jaksel,pasar minggu -- utan kayu selatan -- jagakarsa -- jagakarsa -- jagakarsa -- jagakarsa -- ,jagakarsa -- jagakarsa -- jagakarsa -- jagakarsa -- utan kayu selatan -- pasar minggu -- 
Mikrolet,-,M18,Kampung Melayu - Pondok Gede,Kampung Melayu,T,Jakarta Timur,Jaktim,kampung melayu -- jati -- jati -- bidaracina -- cipinang cempedak -- pasar ciplak -- jati -- jati -- lubang buaya -- ,lubang buaya -- jati -- jati -- pasar ciplak -- cipinang cempedak -- bidaracina -- jati -- jati -- kampung melayu -- 
Mikrolet,-,M19,Term. Cililitan - Kranji,Cililitan,T,Jakarta Timur,Jaktim,cililitan -- cawang -- cipinang besar utara -- pondok kelapa -- inkopol -- ciganjur -- ,ciganjur -- inkopol -- pondok kelapa -- cipinang besar utara -- cawang -- cililitan -- 
Mikrolet,-,M20,Pasar Minggu - Ciganjur,Pasar Minggu,S,Jakarta Selatan,Jaksel,pasar minggu -- pejaten barat -- jati padang -- ragunan -- cilandak barat -- ciganjur -- ,ciganjur -- cilandak barat -- ragunan -- jati padang -- pejaten barat -- pasar minggu -- 
Mikrolet,-,M21,Pulo Gadung - Kampung Melayu,Term. Pulo Gadung,T,Jakarta Timur,Jaktim,pulo gadung -- kayu putih -- kayu putih -- kayu putih -- jati -- jati -- rawamangun -- gambir -- cipinang -- rawamangun -- pisangan timur -- kayu putih -- kramat -- kebon kelapa -- kebon kelapa -- ,kampung melayu -- jati -- kebon manggis -- kh. dahlan -- kayu manis -- kebon kelapa -- kramat -- kayu putih -- pisangan timur -- rawamangun -- cipinang -- gambir -- rawamangun -- jati -- kebon kosong -- 
Mikrolet,-,M23,Manggarai - Karet PEDR,Manggarai,S,Jakarta Selatan,Jaksel,manggarai -- manggarai selatan -- pasar manggis -- sunter agung -- guntur -- jl. galunggung -- setiabudi -- setiabudi -- setiabudi -- karet -- jl. bek murad -- karet kuningan -- karet -- ,karet -- karet kuningan -- jl. bek murad -- karet -- setiabudi -- setiabudi -- setiabudi -- jl. galunggung -- guntur -- sunter agung -- pasar manggis -- manggarai selatan -- manggarai -- 
Mikrolet,-,M24,Term. Grogol - Joglo,Grogol,B,Jakarta Barat,Jakbar,grogol utara -- grogol -- jelambar -- grogol -- jelambar -- tanjung duren utara -- tanjung duren utara -- tanjung duren utara -- way sepuh -- tanjung duren utara -- kemanggisan -- ang. neli murni -- kemanggisan -- ang. garuda - -- ,joglo -- meruya utara -- kelapa dua wetan -- sukabumi selatan -- kebon jeruk -- srengseng sawah -- ang. garuda -- kemanggisan -- ang. neli murni -- kemanggisan -- tanjung duren utara -- way sepuh -- tanjung duren utara -- tanjung duren utara -- tanjung duren utara -- 
Mikrolet,-,M25,Term. Kota - Term. Grogol,Kota,B,Jakarta Barat,Jakbar,kota bambu utara -- pinangsia -- roa malaka -- roa malaka -- roa malaka -- pluit -- pluit -- pejagalan -- angke -- grogol -- grogol utara -- ,grogol utara -- grogol -- angke -- pejagalan -- pluit -- pluit -- roa malaka -- roa malaka -- roa malaka -- pinangsia -- kota bambu utara -- 
Mikrolet,-,M26,Kampung Melayu - Perumahan Bekasi II,Kampung Melayu,T,Jakarta Timur,Jaktim,kampung melayu -- jati -- bidaracina -- cawang -- cawang -- cawang -- cipinang besar utara -- pasar ciplak -- pondok kelapa -- malaka jaya -- ,malaka jaya -- pondok kelapa -- pasar ciplak -- cipinang besar utara -- cawang -- cawang -- cawang -- bidaracina -- jati -- kampung melayu -- 
Mikrolet,-,M27,Kampung Melayu - Pulo Gadung,Kampung Melayu,T,Jakarta Timur,Jaktim,kampung melayu -- jati -- kebon manggis -- bekasi timur -- pulo gadung -- ,pulo gadung -- bekasi timur -- kebon manggis -- jati -- kampung melayu -- 
Mikrolet,-,M28,Kampung Melayu - Pondok Gede,Kampung Melayu,T,Jakarta Timur,Jaktim,kampung melayu -- jati -- kebon manggis -- jati -- bidaracina -- cawang -- kramat jati -- pasar hek -- dukuh -- lubang buaya -- ,lubang buaya -- dukuh -- pasar hek -- kramat jati -- cawang -- bidaracina -- jati -- kebon manggis -- jati -- kampung melayu -- 
Mikrolet,-,M29,Cililitan - Perumahan Klender,Cililitan,T,Jakarta Timur,Jaktim,cililitan -- cawang -- cipinang besar utara -- pondok kelapa -- pondok kelapa -- malaka jaya -- klender -- ,klender -- malaka jaya -- pondok kelapa -- pondok kelapa -- cipinang besar utara -- cawang -- cililitan -- 
Mikrolet,-,M30A,Tanjung Priok - Pulo Gadung,Tanjung Priok,U,Jakarta Utara,Jakut,tanjung priok -- sunter agung -- kelapa gading barat -- kelapa gading barat -- pegangsaan dua -- kelapa gading barat -- raya hibrida -- kelapa gading barat -- cengkareng barat -- bangau raya -- pegangsaan dua -- kelapa gading barat -- acordeon -- kompi udin -- kemayoran -- h. oyah -- bekasi timur - -- ,pulo gadung -- bekasi timur -- h. oyah -- kemayoran -- kompi udin -- acordeon -- kelapa gading barat -- pegangsaan dua -- bangau raya -- cengkareng barat -- kelapa gading barat -- raya hibrida -- kelapa gading barat -- pegangsaan dua -- kelapa gading barat -- kelapa gading barat -- sunter agung -- 
Mikrolet,-,M31,Kampung Melayu - Pondok Kelapa,Kampung Melayu,T,Jakarta Timur,Jaktim,kampung melayu -- jati -- kebon manggis -- bekasi barat -- bekasi timur -- cipinang -- mulja jaya -- cipinang -- pondok bambu -- jatinegara -- duren sawit -- duren sawit -- cipulir -- duren sawit -- sw -- ,pondok kelapa -- pondok kelapa -- malaka jaya -- duren sawit -- duren sawit -- cipulir -- duren sawit -- duren sawit -- jatinegara -- pondok bambu -- cipinang -- mulja jaya -- cipinang -- bekasi timur -- -- 
Mikrolet,-,M32,Kampung Melayu - Perumahan Klender,Kampung Melayu,T,Jakarta Timur,Jaktim,kampung melayu -- jati -- kebon manggis -- bekasi timur -- cakung -- lpc -- cipinang -- pondok bambu -- duren sawit -- jelambar -- klender -- ,klender -- jelambar -- duren sawit -- pondok bambu -- cipinang -- lpc -- cakung -- bekasi timur -- kebon manggis -- jati -- kampung melayu -- 
Mikrolet,-,M34,Pasar Minggu - Manggarai,Pasar Minggu,S,Jakarta Selatan,Jaksel,pasar minggu -- pasar minggu -- kalibata -- pengadegan -- pancoran -- pancoran -- tebet barat -- tebet timur -- bukit duri -- gunung sahari selatan -- bukit duri -- manggarai selatan -- manggarai selatan -- menteng -- ,manggarai -- guntur -- guntur -- johar baru -- guntur -- menteng -- manggarai selatan -- manggarai selatan -- bukit duri -- gunung sahari selatan -- bukit duri -- tebet timur -- tebet barat -- pancoran -- jl. perdata -- 
Mikrolet,-,M35,Senen - Kampung Melayu,Senen,P,Jakarta Pusat,Jakpus,senen -- senen -- bungur -- kalibata -- harapan mulia -- kramat -- percetakan negara ii -- johar baru -- rawamangun -- utan kayu selatan -- tugu utara -- pisangan baru -- bekasi timur -- jati -- ,kampung melayu -- jati -- bekasi timur -- pisangan baru -- tugu utara -- utan kayu selatan -- rawamangun -- johar baru -- percetakan negara ii -- kramat -- harapan mulia -- kalibata -- bungur -- stas -- 
Mikrolet,-,M36,Pasar Minggu - Depok,Pasar Minggu,S,Jakarta Selatan,Jaksel,pasar minggu -- pejaten barat -- jati -- ragunan -- mangga besar -- pejaten barat -- cilandak timur -- cilandak timur -- kebon binatang blk -- jagakarsa -- d. herman susilo -- ciganjur -- moh. kapi ii -- baru -- ,depok -- utan kayu selatan -- menteng dalam -- jl. nusantara -- baru -- moh. kapi ii -- ciganjur -- d. herman susilo -- jagakarsa -- kebon binatang blk -- cilandak timur -- cilandak timur -- pejaten barat -- mangga besar -- kebon manggis -- 
Mikrolet,-,M37,Senen - Pulo Gadung/Kelapa Gading,Senen,P,Jakarta Pusat,Jakpus,senen -- senen -- bungur -- kemayoran -- kalibata -- utan panjang -- harapan mulia -- cempaka baru -- cempaka baru -- ps. sm. batu -- bukit duri -- kemayoran -- sunter agung -- kelapa gading barat -- boul -- ,pulo gadung -- kayu putih -- komplek hi-mediros -- kelapa gading barat -- kayu putih -- gd. elok utara -- pinangsia -- ps. mandiri -- kelapa gading barat -- kelapa gading barat -- kelapa gading barat -- sunter agung -- kemayoran -- kebon kelapa -- 
Mikrolet,-,M38,Grogol - Tanah Abang,Grogol,B,Jakarta Barat,Jakbar,grogol -- grogol -- tomang -- tomang -- tomang -- palmerah -- jati -- kota bambu utara -- petamburan -- bendungan hilir -- d. tondano -- d. poso -- bendungan hilir -- jati -- bendungan hilir -- karet -- duri pulo -- ,kampung bali -- cideng -- duri utara -- karet -- bendungan hilir -- jati -- bendungan hilir -- d. poso -- d. tondano -- bendungan hilir -- petamburan -- kota bambu utara -- jati -- palmerah -- tomang -- tomang -- tomang -- 
Mikrolet,-,M39,Term. Senen - Term. Kota,Senen,P,Jakarta Pusat,Jakpus,senen -- senen -- bungur -- gunung sahari selatan -- gunung -- gunung -- gunung sahari utara -- gunung sahari utara -- pademangan barat -- pintu rel ka -- pademangan barat -- gunung -- pinangsia -- pasar baru -- mangga dua selatan -- ,kota bambu utara -- pinangsia -- pela mampang -- pinangsia -- pinangsia -- pinangsia -- pinangsia -- pasar baru -- pinangsia -- gunung -- pademangan barat -- pintu rel ka -- pademangan barat -- gunung sahari utara -- raja -- 
Mikrolet,-,M41,Grogol - Kota,Grogol,B,Jakarta Barat,Jakbar,grogol utara -- grogol -- jelambar -- grogol -- jelambar -- jembatan besi -- duri selatan -- duri utara -- duri utara -- duri kepa -- petojo selatan -- tanah sereal -- tanah sereal -- keagungan -- glodok -- tambora -- ,kota bambu utara -- pinangsia -- pela mampang -- pinangsia -- pinangsia -- pancoran -- tambora -- glodok -- keagungan -- tanah sereal -- tanah sereal -- petojo selatan -- duri kepa -- duri utara -- duri utara -- duri selatan -- jembatan lima -- 
Mikrolet,-,M42,Ragunan - Kapten Tendean,Ragunan,S,Jakarta Selatan,Jaksel,ragunan -- ragunan -- jati -- krukut -- utan kayu selatan -- pejaten barat -- rambutan -- rs siaga raya -- pejaten barat -- jati -- duren tiga -- jati -- duren tiga -- duren tiga -- petojo selatan -- ,tegal parang -- kramat pela -- petojo selatan -- duren tiga -- duren tiga -- jati -- duren tiga -- jati -- pejaten barat -- rs siaga raya -- rambutan -- pejaten barat -- utan kayu selatan -- krukut -- jati -- 
Mikrolet,-,M43,Grogol - Kota/ST. Kawan,Grogol,B,Jakarta Barat,Jakbar,grogol utara -- grogol -- menteng atas -- duri selatan -- jl. jomblang -- duri kepa -- jembatan besi -- angke -- angke -- angke -- pekayon -- pluit -- pluit -- pluit -- ulujami -- ,kota bambu utara -- roa malaka -- roa malaka -- ulujami -- pluit -- pluit -- pluit -- pekayon -- angke -- angke -- angke -- jembatan besi -- duri kepa -- jl. jomblang -- duri pulo -- 
Mikrolet,-,M44,Kalimalang - Kramat Tengsin,Kampung Melayu,T,Jakarta Timur,Jaktim,polsek kalimalang -- karet kuningan -- pasar minggu -- pondok bambu -- jatinegara -- cipinang -- cipinang -- prumpung tengah -- jati -- cipinang -- jati -- jati -- kampung melayu -- ,berputar -- kramat -- karet kuningan -- tebet barat -- bukit duri -- bidaracina -- kampung melayu -- jati -- jati -- cipinang -- jati -- prumpung tengah -- cipinang -- cipinang -- 
Mikrolet,-,M45,Grogol - Joglo/Green Ville,Grogol,B,Jakarta Barat,Jakbar,grogol utara -- grogol -- jelambar -- grogol -- jelambar -- jelambar -- duri kepa -- tanjung duren utara -- kayu putih -- kemanggisan -- slipi -- palmerah -- h. saadan -- kebayoran lama utara -- kapuk -- kebon kelapa -- ,joglo -- srengseng sawah -- kelapa dua wetan -- kapuk -- kebayoran lama utara -- h. saadan -- palmerah -- slipi -- kemanggisan -- kayu putih -- tanjung duren utara -- duri kepa -- jelambar -- jelambar -- grogol -- jelambar -- 
Mikrolet,-,M46,Senen - Pulo Gadung,Senen,P,Jakarta Pusat,Jakpus,senen -- senen -- harapan mulia -- tanah tinggi -- kramat -- kramat -- kramat -- kampung rawa -- johar baru -- percetakan negara -- rawasari -- jati -- kayu putih -- pulogebang -- ,pulo gadung -- jati -- jati -- kayu putih -- kayu putih -- jati -- rawasari -- percetakan negara -- johar baru -- kampung rawa -- kramat -- kramat -- kramat -- tanah tinggi -- 
Mikrolet,-,M48,Kalideres - Pasar Cipulir,Kalideres,B,Jakarta Barat,Jakbar,kalideres -- utan panjang -- cengkareng barat -- baru -- cipinang muara -- rawa buaya -- kebon manggis -- pasar baru -- kembangan selatan -- pesanggrahan -- srengseng sawah -- gandaria utara -- sukabumi selatan -- pondok bambu -- grogol selatan -- cipulir -- ,cipulir -- grogol selatan -- pondok bambu -- sukabumi selatan -- gandaria utara -- srengseng sawah -- pesanggrahan -- kembangan selatan -- pasar baru -- kebon manggis -- rawa buaya -- cipinang muara -- baru -- cengkareng barat -- utan panjang -- kalideres -- 
Mikrolet,-,M49,Tanjung Priok - Ancol Barat,Tanjung Priok,U,Jakarta Utara,Jakut,tanjung priok -- tanjung priok -- sunter agung -- sunter agung -- sunter agung -- sunter agung -- jembatan tiram -- jembatan goyang -- pademangan barat -- pademangan barat -- budi mulia -- cilandak timur -- gunung sahari selatan -- tanjung priok -- pulo -- ,ancol -- asahimas -- ancol -- jati -- tanjung priok -- gunung sahari selatan -- cilandak timur -- budi mulia -- pademangan barat -- pademangan barat -- jembatan goyang -- jembatan tiram -- sunter agung -- sunter agung -- gaya mot -- 
Mikrolet,-,M53,Term. Pulo Gadung - Kota,Term. Pulo Gadung,T,Jakarta Timur,Jaktim,pulo gadung -- pulo gadung -- harapan mulia -- utan panjang -- gunung sahari selatan -- gunung -- gunung sahari utara -- pademangan timur -- pademangan barat -- gunung sahari selatan -- mangga dua selatan -- pinangsia -- kota bambu utara -- ,kota bambu utara -- pinangsia -- mangga dua selatan -- gunung sahari selatan -- pademangan barat -- pademangan timur -- gunung sahari utara -- gunung -- gunung sahari selatan -- utan panjang -- harapan mulia -- pulo gadung -- pulo gadung -- 
Mikrolet,-,M54,FO. Kampung Melayu - SMU Kapin,-,T,Jakarta Timur,Jaktim,kampung melayu -- cipinang besar utara -- jl. p. revolusi -- pondok kelapa -- smu kapin -- ,smu kapin -- pondok kelapa -- jl. p. revolusi -- cipinang besar utara -- kampung melayu -- 
Bus Sedang,Metromini,S70,Blok M - Joglo,Blok M,S,Jakarta Selatan,Jaksel,meruya utara -- pulo -- melawai -- kramat pela -- kramat pela -- maphar -- velbak -- kramat -- kedoya selatan -- grogol selatan -- grogol utara -- sukabumi selatan -- kelapa dua wetan -- joglo -- ,joglo -- kelapa dua wetan -- sukabumi selatan -- grogol utara -- grogol selatan -- kedoya selatan -- kramat -- velbak -- maphar -- kramat pela -- kramat pela -- melawai -- pulo -- meruya utara -- 
K W K,-,B10,Taman Kota - Budi Luhur,Taman Kota,B,Jakarta Barat,Jakbar,kembangan selatan -- komplek bosmal -- cengkareng drn -- harapan mulia -- cempaka putih barat -- srengseng sawah -- meruya utara -- kembang kerep -- komplek labrata -- meruya selatan -- joglo -- meruya utara -- joglo -- joglo -- petukangan utara -- ,budi luhur -- ulujami -- petukangan utara -- joglo -- joglo -- meruya utara -- joglo -- meruya selatan -- komplek labrata -- kembang kerep -- meruya utara -- srengseng sawah -- cempaka putih barat -- meruya selatan -- harapan mulia -- cengkareng barat -- 
Bus Sedang,Metromini,S71,Blok M - Petukangan,Blok M,S,Jakarta Selatan,Jaksel,meruya utara -- pulo -- melawai -- kramat pela -- kramat pela -- maphar -- gandaria utara -- pulo -- kebayoran lama utara -- bintaro -- petukangan utara -- ,petukangan utara -- bintaro -- kebayoran lama utara -- pulo -- gandaria utara -- maphar -- kramat pela -- kramat pela -- melawai -- pulo -- meruya utara -- 
Angkutan Pengganti Bemo,-,JB03,Tanah Abang - Tawakal PP,Tanah Abang,P,Jakarta Pusat,Jakpus,tanah abang -- cakung -- petamburan -- kota bambu utara -- duri kosambi -- tanjung raya -- menteng dalam -- tomang -- tomang -- kayu putih -- tomang -- tomang -- tomang -- ,tomang -- tomang -- tomang -- kayu putih -- tomang -- tomang -- menteng dalam -- tanjung raya -- duri kosambi -- tomang -- pejaten barat -- jati pulo -- jati -- kota bambu utara -- petamburan -- cakung -- tanah tinggi -- 
Bus Sedang,Metromini,S72,Blok M - Lebak Bulus,Blok M,S,Jakarta Selatan,Jaksel,meruya utara -- pulo -- melawai -- kramat pela -- kramat pela -- mayestik -- ahmad dahlan -- gandaria selatan -- pejaten barat -- lebak bulus -- ,lebak bulus -- pejaten barat -- gandaria selatan -- ahmad dahlan -- mayestik -- kramat pela -- kramat pela -- melawai -- pulo -- meruya utara -- 
K W K,-,B11,Rawa Buaya - Kamal RW03,Rawa Buaya,B,Jakarta Barat,Jakbar,rawa buaya -- riang road -- jelambar -- cengkareng barat -- citra garden -- cengkareng barat -- kembangan selatan -- cilandak timur -- pom bensin -- kapuk -- kemayoran -- manggarai -- kamal -- ,kamal -- manggarai -- kemayoran -- kapuk -- pom bensin -- cilandak timur -- kembangan selatan -- cengkareng barat -- citra garden -- cengkareng barat -- jelambar -- kembangan selatan -- rawa buaya -- 
Angkutan Pengganti Bemo,-,JP01,Kartini - Term. Kota PP,Kota,U,Jakarta Utara,Jakut,kartini -- mangga besar -- pinangsia -- pinangsia -- pinangsia -- kota bambu utara -- ,kota bambu utara -- pinangsia -- pinangsia -- pinangsia -- mangga besar -- kartini -- 
Bus Sedang,Metromini,S74,Blok M - Sandratex,Blok M,S,Jakarta Selatan,Jaksel,meruya utara -- pulo -- melawai -- kramat pela -- kramat pela -- mayestik -- gandaria utara -- gandaria utara -- pulo -- kebayoran lama utara -- sandratex -- ,sandratex -- kebayoran lama utara -- pulo -- gandaria utara -- gandaria utara -- mayestik -- kramat pela -- kramat pela -- melawai -- pulo -- meruya utara -- 
Angkutan Pengganti Bemo,,JP03,Bendungan Hilir - Roximas PP,Benungan Hilir,P,Jakarta Pusat,Pusat,bendungan hilir -- bendungan hilir -- bendungan hilir -- kebon kacang -- kampung bali -- kampung bali -- jati -- jati -- cideng -- tanjung selor -- cideng -- ,cideng -- tanjung selor -- cideng -- baru -- jati -- kampung bali -- kampung bali -- kebon kacang -- bendungan hilir -- bendungan hilir -- bendungan hilir -- 
K W K,-,B12,Kapuk Kamal - Pasar Slipi,Kapuk Kamal,B,Jakarta Barat,Jakbar,kapuk -- kamal -- jelambar -- grogol selatan -- kedoya pesing -- duri kepa -- baru -- cijantung -- duri kepa -- bioskop tobar -- tanjung duren utara -- tanjung duren utara -- kemanggisan -- jl. sadeli -- ,slipi -- ciracas -- jl. sadeli ujung -- kemanggisan -- tanjung duren utara -- tanjung duren utara -- bioskop tobar -- duri kepa -- cijantung -- baru -- duri kepa -- kedoya pesing -- grogol selatan -- pesing pog -- 
Angkutan Pengganti Bemo,-,JP03A,Roximas - Flyover Sudirman,Roximas,P,Jakarta Pusat,Pusat,cideng -- tanjung selor -- cideng -- jati -- kampung bali -- kebon kacang -- mutar dibawah -- flyover sudirman -- ,flyover sudirman -- mutar dibawah -- kebon kacang -- kampung bali -- jati -- cideng -- tanjung selor -- cideng -- 
Bus Sedang,Metromini,S75,Blok M -- Ps. Minggu,Blok M,S,Jakarta Selatan,Jaksel,meruya utara -- pulo -- jl. w. mongonsidi -- jl. kpt. tendean -- jl. buncit ry -- ragunan -- pasar minggu -- tanah sereal -- ,tanah sereal -- pasar minggu -- ragunan -- jl. buncit ry -- jl. kpt. tendean -- jl. w. mongonsidi -- pulo -- meruya utara -- 
K W K,-,B17,Grogol - Pasar Inpres Kebayoran,Grogol,B,Jakarta Barat,Jakbar,grogol -- kedoya selatan -- belok kiri -- grogol selatan -- assidiqiyah -- sukabumi selatan -- grogol selatan -- grogol utara -- r.r. pejompongan -- kramat -- patal simpruk -- gandaria utara -- bata putih -- ,bata putih -- gandaria utara -- patal simpruk -- kramat -- r.r. pejompongan -- grogol utara -- grogol selatan -- sukabumi selatan -- assidiqiyah -- grogol selatan -- belok kiri -- kedoya selatan -- grogol -- 
Angkutan Pengganti Bemo,-,JP04,Salemba - Rawamangun PP,Rawamangun,T,Jakarta Timur,Timur,paseban -- percetakan negara -- rawasari -- cempaka putih timur -- rawamangun -- rawamangun -- rawamangun -- rawamangun -- ,jagakarsa -- rawamangun -- rawamangun -- rawamangun -- rawamangun -- cempaka putih timur -- rawasari -- percetakan negara -- paseban -- 
Bus Sedang,Metromini,S76,Blok M - Kp. Rambutan,Blok M,S,Jakarta Selatan,Jaksel,meruya utara -- kebon kacang -- pulo -- cipete utara -- cilandak barat -- pasar minggu -- rambutan -- ,rambutan -- pasar minggu -- cilandak barat -- cipete utara -- pulo -- kebon kacang -- meruya utara -- 
Angkutan Pengganti Bemo,-,S01,Taman Melawai - Pondok Labu,-,S,Jakarta Selatan,Jaksel,pulo -- cipete utara -- cipete utara -- gandaria utara -- cengkareng barat -- utan kayu selatan -- kebayoran lama utara -- gandaria selatan -- palmerah -- tugu utara -- pondok kelapa -- pondok labu -- pondok labu -- ,pondok labu -- ragunan -- pondok pinang -- pondok kelapa -- tugu utara -- palmerah -- gandaria selatan -- kebayoran lama utara -- utan kayu selatan -- cengkareng barat -- gandaria utara -- cipete utara -- cipete utara -- pulo -- 
Angkutan Pengganti Bemo,-,JP05,Kramat  Sentiong - Pasar Cempaka Putih,Sentiong,P,Jakarta Pusat,Pusat,kramat -- kramat -- percetakan negara ii -- johar baru -- cempaka putih barat -- kebon bawang -- cempaka putih barat -- pasar cempaka putih -- ,pasar cempaka putih iii -- cempaka putih barat -- maphar -- cempaka putih barat -- johar baru -- pecetakan negara ii -- kramat -- kramat -- 
Bus Sedang,Metromini,S77,Blok M - Ragunan,Blok M,S,Jakarta Selatan,Jaksel,meruya utara -- pulo -- w. mongonsidi -- tegal parang -- bangka -- bangka -- cilandak timur -- kalibata -- ragunan -- ragunan -- ,ragunan -- ragunan -- kalibata -- cilandak timur -- bangka -- bangka -- tegal parang -- w. mongonsidi -- pulo -- meruya utara -- 
Angkutan Pengganti Bemo,-,JP06,Kodam - Industri PP,-,-,-,-,harapan mulia -- howitzer -- serdang -- kantor camat -- sunter agung -- sunter agung -- lampu merah -- kapuk -- sunter agung -- sunter agung -- kelapa gading barat -- rajawali slt -- pademangan barat -- santo lukas -- pademangan barat -- gambir -- ,tanah sereal -- jatinegara -- kebon kosong -- gereja hkbp -- pademangan barat -- santo lukas -- pdemngan ii -- rajawali slt -- kelapa gading barat -- sunter agung -- sunter agung -- kapuk -- lampu merah -- sunter agung -- sunter agung -- kantor cama -- 
Bus Sedang,Metromini,S78,Blok M -- Cidodol,Blok M,S,Jakarta Selatan,Jaksel,meruya utara -- pulo -- melawai -- kramat pela -- kramat pela -- mayestik -- gandaria utara -- pulo -- ,pulo -- gandaria utara -- mayestik -- kramat pela -- kramat pela -- melawai -- pulo -- meruya utara -- 
K W K,-,S02,Pondok Labu - Srengseng,Pondok Labu,S,Jakarta Selatan,Jaksel,pondok labu -- ragunan -- ciganjur -- jelambar -- jagakarsa -- jagakarsa -- semper barat -- jagakarsa -- jagakarsa -- lenteng agung -- srengseng sawah -- ,srengseng sawah -- lenteng agung -- jagakarsa -- jagakarsa -- semper barat -- jagakarsa -- jagakarsa -- jelambar -- ciganjur -- ragunan -- pondok labu -- 
Angkutan Pengganti Bemo,-,JS01,Kemandoran - Mayestik,Kemandoran,S,Jakarta Selatan,Selatan,senen -- palmerah -- amatis i -- kelapa gading barat -- grogol utara -- grogol selatan -- jati -- kuburan islam -- kebayoran lama utara -- iskandar muda -- baru -- bacang -- jl ahmad dahlan -- mayestik -- ,bacang -- mayestik -- jl ahmad dahlan -- bacang tengah i -- baru -- iskandar muda -- kebayoran lama utara -- kapuk -- grogol selatan -- grogol utara -- kelapa gading barat -- amatis i - viii -- grogol utara -- senen -- 
Bus Sedang,Metromini,S79,Blok M - Cinere,Blok M,S,Jakarta Selatan,Jaksel,meruya utara -- pulo -- melawai -- pulo -- cilandak barat -- cilandak barat -- pondok indah -- lebak bulus -- lebak bulus -- jati -- cinere -- ,jati -- lebak bulus -- lebak bulus -- pondok indah -- cilandak barat -- cilandak barat -- pulo -- melawai -- pulo -- meruya utara -- 
Angkutan Pengganti Bemo,-,JS01A,Mahakam II - Lebak Bulus,-,S,Jakarta Selatan,Selatan,ciganjur -- kramat pela -- kebon kacang -- cilandak barat -- petogogan -- pulo -- pulo -- gandaria utara -- gandaria utara -- baru -- pondok kelapa -- gandaria selatan -- cilandak barat -- cilandak timur -- kuningan barat -- kramat -- cilandak barat -- ,lebak bulus -- petogogan -- cilandak barat -- muhasyim -- cilandak barat -- cilandak barat -- kramat -- kuningan barat -- cilandak timur -- cilandak barat -- gandaria selatan -- gandaria utara -- baru -- gandaria utara -- gandaria utara -- pulo -- petojo selatan -- 
K W K,-,S03,Pondok Labu - Pasar Kebayoran Lama,Pondok Labu,S,Jakarta Selatan,Jaksel,pondok labu -- cilandak barat -- lebak bulus -- kebayoran lama utara -- cipulir -- ,cipulir -- kebayoran lama utara -- lebak bulus -- cilandak barat -- pondok labu -- 
K W K,-,S04,Pondok Labu - Term. Ciputat,Pondok Labu,S,Jakarta Selatan,Jaksel,pondok labu -- joglo -- lebak bulus -- lebak bulus -- kebayoran lama utara -- pasar gintung -- ciputat -- ,ciputat -- pasar gintung -- kebayoran lama utara -- lebak bulus -- lebak bulus -- joglo -- pondok labu -- 
Angkutan Pengganti Bemo,-,JS02,Manggarai - Kalibata,Manggarai,S,Jakarta Selatan,Selatan,manggarai -- manggarai selatan -- pasar manggis -- pasar manggis -- menteng -- menteng atas -- menteng -- tebet barat -- menteng dalam -- bangka -- cikoko -- pengadegan -- ,kalibata -- jati -- pengadegan -- cikoko -- tebet timur -- menteng dalam -- tebet barat -- menteng -- menteng atas -- menteng -- pasar manggis -- minan -- 
Angkutan Pengganti Bemo,-,JS02A,Cililitan - Kampung Melayu,Cililitan,S,Jakarta Selatan,Selatan,cililitan -- cawang -- cawang -- kalibata -- taman pahlawan -- stekpi -- pengadegan -- pancoran -- kebon baru -- bukit duri -- bukit duri -- kampung melayu -- ,kampung melayu -- bukit duri -- lapanganroos -- kebon baru -- pancoran -- pengadegan -- stekpi -- tamanpahlawan -- kalibata -- cawang -- cawang -- cililitan -- 
Bus Sedang,Metromini,S610,Blok M - Kmp. Pulo Pp,Blok M,S,Jakarta Selatan,Jaksel,meruya utara -- pulo -- pulo -- melawai -- pulo -- cilandak barat -- pondok labu -- ragunan -- gunung sahari selatan -- pulo -- ,pulo -- gunung sahari selatan -- ragunan -- pondok labu -- cilandak barat -- pulo -- melawai -- pulo -- pulo -- meruya utara -- 
Angkutan Pengganti Bemo,-,JS02B,Pasar Minggu - Kampung Betawi,-,S,Jakarta Selatan,Selatan,pasar minggu -- pejaten barat -- ragunan -- ragunan -- kebon binatang depan -- kebon binatang belakang -- jelambar -- jagakarsa -- jagakarsa -- jagakarsa -- jagakarsa -- perkampungan betawi / situ babakan -- ,cibubur -- perkampungan betawi / moch kahfi ii -- jagakarsa -- jagakarsa -- jagakarsa -- jelambar -- kebon binatang belakang -- kebon binatang depan -- ragunan -- ragunan -- pejaten barat -- pasar minggu -- 
Bus Sedang,Metromini,S611,Blok M - Pondok Gede,Blok M,S,Jakarta Selatan,Jaksel,meruya utara -- pulo -- melawai -- kramat pela -- kramat pela -- mayestik -- velbak -- pulo -- kebayoran lama utara -- lubang buaya -- ,lubang buaya -- kebayoran lama utara -- pulo -- velbak -- mayestik -- kramat pela -- kramat pela -- melawai -- pulo -- meruya utara -- 
Angkutan Pengganti Bemo,-,JS03,Tongtek - Cililitan PP,Cililitan,T,Jakarta Timur,Timur,bukit duri -- pulogebang -- bukit duri -- tebet timur -- tebet timur -- cikoko -- jelambar -- pondok pinang -- kalibata -- stasiun kereta api -- kalibata -- cawang -- cililitan -- ,cililitan -- cawang -- kalibata -- setasiun kereta api -- kalibata -- pondok pinang -- jelambar -- cikoko -- tebet timur -- tebet timur -- bukit duri -- bukit duri -- bukit duri -- 
Bus Sedang,Metromini,S619,Blok M - Cinere - D. Limo,Blok M,S,Jakarta Selatan,Jaksel,meruya utara -- pulo -- melawai -- pulo -- pulo -- pulo -- pulo -- pulo -- pulo -- brawijaya trsn -- kedoya selatan -- cilandak barat -- pondok labu -- jati -- cinere -- desa limo -- ,desa limo -- jati -- pondok labu -- cilandak barat -- kedoya selatan -- brawijaya trsn -- pulo -- pulo -- pulo -- pulo -- pulo -- pulo -- melawai -- pulo -- meruya utara -- 
Angkutan Pengganti Bemo,-,JT01,Rawamangun - Klender PP,Klender,T,Jakarta Timur,Timur,rawamangun -- gambir -- cipinang -- cipinang besar utara -- igusti ngurah rai -- kampung bulak raya -- jl kh maisin -- duren sawit -- pondok pinang -- duren sawit -- duren sawit -- rumah sakit soekanto -- malaka jaya -- malaka jaya -- ,klender -- malaka jaya -- malaka jaya -- malaka jaya -- rumah sakit soekanto -- radenintan -- duren sawit -- pondok pinang -- duren sawit -- jl kh maisin -- kampung bulak raya -- igusti ngurah rai -- cipinang besar utara -- cipinang -- 
Bus Sedang,Metromini,S640,Pasar Minggu - Tanah Abang,Pasar Minggu,S,Jakarta Selatan,Jaksel,pasar minggu -- pasar minggu -- gelora -- karet semanggi -- senayan -- kebon sirih -- kebon sirih -- jati -- belok kanan -- cideng -- berputar di -- jemb. pasar thomas -- ,jemb. pasar thomas -- berputar di -- cideng -- belok kanan -- jati -- kebon sirih -- kebon sirih -- senayan -- karet semanggi -- gelora -- pasar minggu -- pasar minggu -- 
Angkutan Pengganti Bemo,-,JT02,Pulo Mas - Curug Jaya I,Rawamangun,T,Jakarta Timur,Timur,pulo -- pengadilan jakarta timur -- kayu putih -- kayu putih -- jati -- rawamangun -- jati -- jati -- bekasi timur -- klender -- pondok bambu -- simp - kalimalang -- jati -- elang me -- ,tanah sereal -- curug jaya i -- cipinang melayu -- jati -- simp - kalimalang -- pondok bambu -- klender -- bekasi timur -- jati -- jati -- rawamangun -- jati -- kayu putih -- kayu putih -- pengadil -- 
Angkutan Pengganti Bemo,-,JT03,Klender - TB Rengas,-,T,Jakarta Timur,-,klender -- malaka jaya -- tanjung duren utara -- malaka jaya -- buaran -- pulo -- jatinegara -- jatinegara -- pupar ujung -- cakung -- kuningan timur -- tugu utara -- tanah sereal -- ,tanah sereal -- tugu utara -- kuningan timur -- cakung -- pupar ujung -- jatinegara -- jatinegara -- pulo -- buaran -- malaka jaya -- tanjung duren utara -- kapuk -- klender -- 
Angkutan Pengganti Bemo,-,JT04,Rawamangun - Kayu Manis,Rawamangun,T,Jakarta Timur,Timur,rawamangun -- gambir -- cipinang -- pisangan timur -- cipinang -- cipinang -- cipinang -- cipinang -- pisangan timur -- pisangan baru -- utan kayu selatan -- utan kayu selatan -- ,baru -- pramuka -- kayu manis -- kayu putih -- pisangan baru -- pisangan timur -- cipinang -- cipinang -- cipinang -- cipinang -- pisangan timur -- cideng -- 
Angkutan Pengganti Bemo,-,JU01,Cilincing - Sultan Agung PP,Cilincing,U,Jakarta Utara,Utara,cilincing -- kapuk -- duri kosambi -- baru -- baru -- rambutan -- kramat -- tugu utara -- rawa badak utara -- sunter agung -- sunter agung -- sunter agung -- lebak bulus -- sunter agung -- ,sunter agung -- lebak bulus -- sunter agung -- sunter agung -- sunter agung -- rawa badak utara -- tugu utara -- kramat -- rambutan -- baru -- baru -- duri kosambi -- kapuk -- cilincing -- 
Angkutan Pengganti Bemo,-,JU02,Pasar Embrio - Tanjung Priok,Tanjung Priok,U,Jakarta Utara,Utara,pasar embrio -- semper barat -- cakung -- kramat -- koja -- tugu utara -- kebon melati -- mangga dua selatan -- malaka jaya -- cikijing -- sindang -- cilandak timur -- kapuk -- mutar pelumpang -- kebon bawang -- tanjung priok -- ,tanjung priok -- kebon bawang -- mutar pelumpang -- kapuk -- rawa badak utara -- cikijing -- malaka jaya -- mangga dua selatan -- kebon melati -- tugu utara -- koja -- kramat -- tugu utara -- cakung -- semper barat -- pasarembrio -- 
Angkutan Pengganti Bemo,-,JU03,Tanjung Priok - Sunter Jaya,Tanjung Priok,U,Jakarta Utara,Utara,tanjung priok -- kebon bawang -- gorontalo -- warakas -- kebon bawang -- sungai bambu -- sunter agung -- mutar di kores -- sunter agung -- sunter agung -- sunter agung -- sunter agung -- sunter agung -- sunter jaya -- ,sunter jaya -- sunter agung -- sunter agung -- sunter agung -- sunter agung -- sunter agung -- mutar di kores -- sunter agung -- sungai bambu -- kebon bawang -- tanjung priok -- 
Angkutan Pengganti Bemo,-,JU04,Tanjung Priok - DanauSunter,Tanjung Priok,U,Jakarta Utara,Utara,tanjung priok -- warakas -- sunter agung -- sunter agung -- jatinegara -- ,jatinegara -- sunter agung -- sunter agung -- warakas -- tanjung priok -- tanjung priok -- tanjung priok -- 
Bus Sedang,Metromini,T40,Pulo Gadung - Lampiri,Term. Pulo Gadung,T,Jakarta Timur,Jaktim,pulo gadung -- jl. rya bekasi -- pulo -- baru -- jb. layang buaran -- duren sawit -- jl. malaka sel -- pondok kelapa -- lampiri -- ,lampiri -- pondok kelapa -- jl. malaka sel -- duren sawit -- jb. layang buaran -- baru -- pulo -- pulo gadung -- 
Bus Sedang,Metromini,T41,Pulo Gadung - Tg Priok,Term. Pulo Gadung,T,Jakarta Timur,Jaktim,pulo gadung -- cakung -- cakung -- semper barat -- sukapura -- bund. tugusemper -- tugu utara -- sunter agung -- tanjung priok -- tg priok -- ,tg priok -- tanjung priok -- sunter agung -- tugu utara -- bund. tugusemper -- sukapura -- semper barat -- cakung -- cakung -- pulo gadung -- 
Bus Sedang,Metromini,T42,Prm Klender -- Rawamangun,Klender,T,Jakarta Timur,Jaktim,klender -- jl. ig ngurahrai -- penggilingan -- cakung -- kayu putih -- jl. ky putih -- veldrum -- jati -- rawamangun -- ,rawamangun -- jati -- veldrum -- jl. ky putih -- kayu putih -- cakung -- penggilingan -- jl. ig ngurahrai -- klender -- 
Angkutan Pengganti Bemo,Metromini,T43,Pulo Gadung - Wisma Asri,Term. Pulo Gadung,T,Jakarta Timur,Jaktim,pulo gadung -- cilandak timur -- bungur -- pondok ungu -- cakung -- pulo -- ,pulo gadung -- cakung -- pondok ungu -- bungur -- cilandak timur -- pulo gadung -- 
Bus Sedang,Metromini,T44,Pulo Gadung - St. Cakung,Term. Pulo Gadung,T,Jakarta Timur,Jaktim,pulo gadung -- cakung -- pemancar auri -- pulogebang -- pulogebang -- cakung -- ,cakung -- pulogebang -- pulogebang -- pemancar auri -- cakung -- pulo gadung -- 
Bus Sedang,Metromini,T45,Pulo Gadung - TMII,Term. Pulo Gadung,T,Jakarta Timur,Jaktim,pulo gadung -- cakung -- klender -- p. revolusi -- jati -- lubang buaya -- ter. pinangranti -- lubang buaya -- ,lubang buaya -- ter. pinangranti -- lubang buaya -- jati -- p. revolusi -- klender -- cakung -- pulo gadung -- 
Bus Sedang,Metromini,T46,Pulo gadung - Kp. Melayu,Term. Pulo Gadung,T,Jakarta Timur,Jaktim,pulo gadung -- cakung -- jati -- jati -- jati -- jl. hiu -- rawamangun -- gambir -- cipinang -- jati -- kayu putih -- rawamangun -- utan kayu selatan -- jl. pramuka -- kebon manggis -- jati -- ,kampung melayu -- jati -- kebon manggis -- jl. pramuka -- utan kayu selatan -- rawamangun -- kayu putih -- jati -- cipinang -- gambir -- rawamangun -- jl. hiu -- jati -- jati -- jati -- ray -- 
Bus Sedang,Metromini,T47,Pulo Gebang - Senen,Pulo Gebang,T,Jakarta Timur,Jaktim,petojo utara -- ig ngurah rai -- cakung -- jati -- cempaka putih timur -- rawasari -- cempaka putih timur -- harapan mulia -- kramat -- senen -- pasar baru -- senen -- ,senen -- pasar baru -- senen -- kramat -- harapan mulia -- cempaka putih timur -- rawasari -- cempaka putih timur -- jati -- cakung -- ig ngurah rai -- petojo utara -- 
Bus Sedang,Metromini,T49,Pulo Gadung - Manggarai,Term. Pulo Gadung,T,Jakarta Timur,Jaktim,pulo gadung -- cakung -- jati -- jati -- rawamangun -- gambir -- baru -- b. pustaka barat --utan kayu -- pramuka -- pegangsaan -- kenari -- surabaya -- sukabumi utara -- guntur -- mangga dua selatan -- ,manggarai -- guntur -- sukabumi utara -- surabaya -- kenari -- proklamasi pramuka -- utan kayu selatan -- kayu putih -- cip. bru timur -- gambir -- rawamangun -- jati -- jati -- cakung -- pulo gadung -- 
Bus Sedang,Metromini,T50,Kampung Melayu - Perum Klender,Kampung Melayu,T,Jakarta Timur,Jaktim,kampung melayu -- jati -- kebon manggis -- bekasi timur -- klender -- duren sawit -- klender -- ,klender -- duren sawit -- klender -- bekasi timur -- kebon manggis -- jati -- kampung melayu -- 
Bus Sedang,Metromini,T51,Kampung Melayu -- Cibening,Kampung Melayu,T,Jakarta Timur,Jaktim,kampung melayu -- jati -- kebon manggis -- bekasi timur -- jl. ss -- klender -- p. revolusi -- pondok bambu -- kelapa gading barat -- duren sawit -- pondok kelapa -- cipinang melayu -- cibening -- ,cibening -- cipinang melayu -- pondok kelapa -- duren sawit -- kelapa gading barat -- pondok bambu -- p. revolusi -- klender -- jl. ss -- bekasi timur -- kebon manggis -- jati -- kampung melayu -- 
Bus Sedang,Metromini,T52,Kampung Melayu - Stasiun Cakung,Kampung Melayu,T,Jakarta Timur,Jaktim,kampung melayu -- jati -- kebon manggis -- cipinang besar utara -- cipinang besar utara -- cipinang muara -- kol. m sugiono -- kayu putih -- ngurah rai -- penggilingan -- kelapa gading barat -- cakung -- ,cakung -- kelapa gading barat -- penggilingan -- ngurah rai -- kayu putih -- kol. m sugiono -- cipinang muara -- basuki rachma -- cipinang besar utara -- kebon manggis -- jati -- kampung melayu -- 
K W K,-,S05,Toplas - Term. Pasar Minggu,Pasar Minggu,S,Jakarta Selatan,Jaksel,toplas-jl. baung -- kedoya selatan -- pasar minggu -- al azhar -- pasar minggu -- jati -- pasar minggu -- pejaten barat -- pejaten barat -- pejaten barat -- pejaten barat -- jati -- kalibata -- kalibata -- tegal parang -- pejaten barat -- ,pasar minggu -- pasar minggu -- kalibata -- tegal parang -- kalibata -- kalibata -- jati -- pejaten barat -- pejaten barat -- pejaten barat -- pejaten barat -- pasar minggu -- jati -- pasar minggu -- al azhar -- -- 
Bus Sedang,Metromini,T53,Kampung Melayu - Kampung Rambutan,Kampung Melayu,T,Jakarta Timur,Jaktim,kampung melayu -- jati -- kebon manggis -- jati -- bidaracina -- cawang -- gedong -- pasar minggu -- rambutan -- ,rambutan -- pasar minggu -- gedong -- cawang -- bidaracina -- jati -- kebon manggis -- jati -- kampung melayu -- 
K W K,-,S06,Pondok Aren - Velbak,Pondok Aren,S,Jakarta Selatan,Jaksel,pondok aren -- bintaro -- ulujami -- ulujami -- cipulir -- kramat -- iskandar muda -- velbak -- ,velbak -- iskandar muda -- kramat -- cipulir -- ulujami -- ulujami -- bintaro -- pondok aren -- 
Bus Sedang,Metromini,T54,Term. Kampung Melayu -- Kincan,Kampung Melayu,T,Jakarta Timur,Jaktim,kampung melayu -- jati -- kebon manggis -- bekasi timur -- cempaka putih timur -- pasar ciplak -- pondok kelapa -- lampiri kincah -- ,lampiri kincah -- pondok kelapa -- pasar ciplak -- cempaka putih timur -- bekasi timur -- kebon manggis -- jati -- kampung melayu -- 
Bus Sedang,Metromini,T58,Term. P Klender - Cililitan,Klender,T,Jakarta Timur,Jaktim,klender -- duren sawit -- pondok bambu -- pondok kelapa -- cipinang besar utara -- pancoran -- cawang -- cililitan -- ,cililitan -- cawang -- pancoran -- cipinang besar utara -- pondok kelapa -- pondok bambu -- duren sawit -- term. -- 
Bus Sedang,Metromini,T506,Kampung Melayu - Pondok Kopi,Kampung Melayu,T,Jakarta Timur,Jaktim,kampung melayu -- jati -- kebon manggis -- bekasi timur -- i. g. ngurahrai -- pondok kopi -- ,pondok kopi -- i. g. ngurahrai -- bekasi timur -- kebon manggis -- jati -- kampung melayu -- 
Bus Sedang,Metromini,T508,Senen - P Harapan Indah,Senen,P,Jakarta Pusat,Jakpus,senen -- kramat -- paseban -- rawamangun -- pasar genjing -- pramuka -- jati -- jati -- jati -- jati -- cakung -- cakung -- jelambar -- ,jelambar -- cakung -- cakung -- jati -- jati -- jati -- jati -- pramuka -- pasar genjing -- rawamangun -- paseban -- kramat -- senen -- 
Bus Sedang,Metromini,U23,Tg. Priok - Marunda,Tanjung Priok,U,Jakarta Utara,Jakut,tg. priok -- jl. enggang -- jl. sulawesi -- tanjung priok -- tanjung priok -- cilincing -- marunda -- ,marunda -- cilincing -- tanjung priok -- tanjung priok -- jl. sulawesi -- jl. enggang -- tg. priok -- 
Bus Sedang,Metromini,U24,Tg. Priok - Senen,Tanjung Priok,u,u Jakut,Jakut,tg. priok -- tanjung priok -- baru -- sunter agung -- jl. marto -- utan panjang -- utan panjang -- galur -- harapan mulia -- senen -- ,senen -- kramat -- harapan mulia -- galur -- utan panjang -- utan panjang -- jl. marto -- sunter agung -- baru -- tanjung priok -- tg. priok -- 
Bus Sedang,Metromini,U29,Tg. Priok - Muara Baru,Tanjung Priok,U,Jakarta Utara,Jakut,tg. priok -- tanjung priok -- sunter agung -- sunter agung -- sunter agung -- sunter agung -- sunter agung -- sunter agung -- tanjung priok -- gunung sahari selatan -- baru -- ,baru -- gunung sahari selatan -- tanjung priok -- sunter agung -- sunter agung -- sunter agung -- sunter agung -- sunter agung -- sunter agung -- tanjung priok -- tg. priok -- 
Bus Sedang,Metromini,U30,M Angke -- PRJ Kemayoran,M Angke,U,Jakarta Utara,Jakut,m anke -- pejagalan -- pluit -- pluit -- pluit -- pejagalan -- pluit -- gd panjang -- pluit -- jati -- kota bambu utara -- pinangsia -- lada -- jatinegara kaum -- mangga besar -- gunung sahari selatan -- jatinegara -- ,jl. benymin sueb -- sunter agung -- pademangan barat -- pademangan barat -- rajawali sel i -- rajawali sel -- jatinegara -- gunung sahari selatan -- mangga besar -- jatinegara kaum -- lada -- pinangsia -- pinangsia -- kota bambu utara -- jati -- pluit -- gd panjang -- bande -- 
Bus Sedang,Kopaja,B86,Kota - Lebak Bulus,Kota,B,Jakarta Barat,Jakbar,kota bambu utara -- mangga dua selatan -- jembatan lima -- tubagus angki -- angke -- palmerah -- slipi -- senayan -- kramat -- pondok indah -- lebak bulus -- ,lebak bulus -- pondok indah -- kramat -- baru -- senayan -- slipi -- palmerah -- angke -- tubagus angki -- jembatan lima -- mangga dua selatan -- kota bambu utara -- 
Bus Sedang,Kopaja,B87,Kalideres -- Muara Baru,Kalideres,B,Jakarta Barat,Jakbar,kalideres -- jelambar -- angke -- pejagalan -- pejagalan -- pejagalan -- pluit -- pluit -- baru -- ,baru -- pluit -- pluit -- pejagalan -- pejagalan -- pejagalan -- angke -- jelambar -- kalideres -- 
Bus Sedang,Kopaja,B88,SKBM Udik - Pegadunan,Sukabumi Udik,B,Jakarta Barat,Jakbar,sukabumi selatan -- sukabumi selatan -- kelapa dua wetan -- grogol selatan -- fo putri hijau -- grogol utara -- kedoya selatan -- slipi -- palmerah -- jelambar -- peta selatan -- jl. peta barat -- petukangan utara -- pegadungan -- ,pegadungan -- petukangan utara -- jl. peta barat -- peta selatan -- jelambar -- palmerah -- slipi -- kedoya selatan -- grogol utara -- fo putri hijau -- grogol selatan -- kelapa dua wetan -- sukabumi selatan -- sukabumi selatan -- 
Bus Sedang,Kopaja,B93,Tanah Abang - Kalideres,Kalideres,B,Jakarta Barat,Jakbar,tanah abang -- kampung bali -- jati -- cideng -- cideng -- cideng -- cideng -- grogol -- jelambar -- kalideres -- tanah sereal -- ,tanah sereal -- kalideres -- jelambar -- grogol -- cideng -- cideng -- cideng -- jati -- kampung bali -- tanah abang -- 
Bus Sedang,Kopaja,B94,Tanah Abang -- Joglo,Tanah Abang,P,Jakarta Pusat,Jakpus,tanah abang -- kampung bali -- cideng -- cideng -- cideng -- grogol -- palmerah -- slipi -- palmerah -- kebayoran lama utara -- sukabumi selatan -- kelapa dua wetan -- joglo -- ,joglo -- kelapa dua wetan -- sukabumi selatan -- kebayoran lama utara -- palmerah -- slipi -- palmerah -- grogol -- cideng -- cideng -- cideng -- kampung bali -- tanah abang -- 
Bus Sedang,Kopaja,B95,Tanah Abang -- Rawa Bokor,Rawa Bokor,B,Jakarta Barat,Jakbar,tanah abang -- jati -- cideng -- cideng -- tomang -- slipi -- jelambar -- kali deres -- jati -- rawa bokor -- ,rawa bokor -- jati -- kali deres -- jelambar -- slipi -- tomang -- cideng -- cideng -- jati -- tanah abang -- -- 
K W K,-,S07,Pasar Kebayoran Lama - Pondok Aren,Pasar Kebayoran Lama,S,Jakarta Selatan,Jaksel,cipulir -- ulujami -- kreo -- pesanggrahan -- pondok aren -- ,pondok aren -- pesanggrahan -- kreo -- ulujami -- cipulir -- 
Bus Sedang,Kopaja,P06,Tr. Senen -- Keb. Bin. Blk,Senen,P,Jakarta Pusat,Jakpus,senen -- senen -- kramat -- kramat -- kenari -- kebon manggis -- jati -- kampung melayu -- lap. roos -- tebet barat -- menteng dalam -- pejaten barat -- putar duren iii -- kalibata -- pejaten barat -- kampung bali -- ,kebon bin blk -- ragunan -- cilandak barat -- ling luar sel -- cipete selatan -- cilandak timur -- pejaten barat -- kalibata -- putar duren iii -- pejaten barat -- menteng dalam -- tebet barat -- lap. roos -- kampung melayu -- kampung melayu -- jati -- 
K W K,-,S08,Term. Lebak Bulus - Pondok Aren,Lebak Bulus,S,Jakarta Selatan,Jaksel,lebak bulus -- kebayoran lama utara -- bintaro -- bintaro -- komplek pu -- jl. raya pondok betung -- pondok aren -- ,pondok aren -- jl. raya pondok betung -- komplek pu -- bintaro -- bintaro -- kebayoran lama utara -- lebak bulus -- 
K W K,-,S10,Jl. Sanusi - Ciputat,Jl. Sanusi,S,Jakarta Selatan,Jaksel,cipulir -- ulujami -- cipulir -- kebayoran lama utara -- kebayoran lama utara -- pondok ranji -- utan panjang -- ciputat -- ,ciputat -- utan panjang -- pondok ranji -- kebayoran lama utara -- kebayoran lama utara -- cipulir -- ulujami -- cipulir -- 
Bus Sedang,Kopaja,P16,Tanah Abang - Ciledug,Tanah Abang,P,Jakarta Pusat,Jakpus,tanah abang -- jati -- kota bambu utara -- jl. katamso/tali -- kemanggisan -- kemanggisan -- tanjung duren utara -- duri utara -- kedoya selatan -- kedoya selatan -- kembangan selatan -- kembangan selatan -- karang mulya -- lebak bulus -- ciledug -- ,ciledug -- lebak bulus -- karang mulya -- kembangan selatan -- kembangan selatan -- kedoya selatan -- kedoya selatan -- duri utara -- tanjung duren utara -- kemanggisan -- kemanggisan -- jl. katamso/tali -- kota bambu utara -- jati -- tanah abang -- 
K W K,-,S011,Pasar Minggu - Lebak Bulus,Pasar Minggu,S,Jakarta Selatan,Jaksel,pasar minggu -- pejaten barat -- jati padang -- ragunan -- kalibata -- pejaten barat -- cilandak timur -- gandaria selatan -- cipete selatan -- cipete selatan -- cilandak barat -- lebak bulus -- ,lebak bulus -- gandaria selatan -- cipete selatan -- cipete selatan -- gandaria selatan -- cilandak timur -- pejaten barat -- kalibata -- ragunan -- jati padang -- pejaten barat -- pasar minggu -- 
K W K,-,S12,Lebak Bulus - Srengseng Sawah,Lebak Bulus,S,Jakarta Selatan,Jaksel,lebak bulus -- lebak bulus -- lebak bulus -- lebak bulus -- dapur susu -- pondok pinang -- pulo -- ciganjur -- jelambar -- jagakarsa -- ciganjur -- ciganjur -- ciganjur -- ,ciganjur -- ciganjur -- ciganjur -- jagakarsa -- jelambar -- ciganjur -- pulo -- pondok pinang -- dapur susu -- lebak bulus -- lebak bulus -- lebak bulus -- lebak bulus -- 
K W K,-,S13,Pasar Minggu - Jeruk Purut,Pasar Minggu,S,Jakarta Selatan,Jaksel,pasar minggu -- pejaten barat -- pejaten barat -- pejaten barat -- kalibata -- pejaten barat -- trakindo -- cilandak timur -- ,cilandak timur -- trakindo -- cilandak timur -- pejaten barat -- kalibata -- pejaten barat -- pejaten barat -- pejaten barat -- pasar minggu -- 
Bus Sedang,Kopaja,P19,Tanah Abang -- T. Ragunan,Tanah Abang,P,Jakarta Pusat,Jakpus,tanah abang -- cideng -- kebon kacang -- kebon sirih -- kebon sirih -- senayan -- smangraja -- pulo -- pulo -- pulo -- pulo -- pulo -- mangga dua selatan -- kedoya selatan -- jelambar -- cilandak timur -- ling luar -- ragunan -- petojo selatan -- ,ragunan -- ragunan -- ling luar -- cilandak timur -- jelambar -- kedoya selatan -- mangga dua selatan -- pulo -- pulo -- pulo -- pulo -- pulo -- 
K W K,-,S14,Pondo Labu - Petukangan Utara,Pondok Labu,S,Jakarta Selatan,Jaksel,pondok labu -- pondok labu -- lebak bulus -- lebak bulus -- kebayoran lama utara -- komplek deplu -- bintaro -- bintaro -- cengkareng barat -- gandaria utara -- ciganjur -- petukangan selatan -- grogol utara -- petukangan utara -- ,petukangan utara -- grogol utara -- petukangan selatan -- ciganjur -- gandaria utara -- cengkareng barat -- bintaro -- bintaro -- komplek deplu -- kebayoran lama utara -- lebak bulus -- lebak bulus -- pondok labu -- pondok labu -- 
K W K,-,S15,Term. Pasar Minggu - Gandaria,Pasar Minggu,S,Jakarta Selatan,Jaksel,pasar minggu -- tanjung barat -- lingkar selatan -- gedong -- kramat jati -- gandaria utara -- ,gandaria utara -- kramat jati -- gedong -- lingkar selatan -- tanjung barat -- pasar minggu -- 
K W K,-,S15,Ragunan - Term. P Ranti,Ragunan,S,Jakarta Selatan,Jaksel,ragunan -- ragunan -- lenteng agung -- tanjung barat -- lingkar selatan -- cijantung -- kramat jati -- pasar induk -- hek-phi/pondok gede -- tmii pintu ii p ranti -- ,p ranti -- tmii pintu ii hek-phi/pondok gede pasar induk -- kramat jati -- cijantung -- lingkar selatan -- tanjung barat -- lenteng agung -- ragunan -- ragunan -- 
K W K,-,S16,Term. Lebak Bulus - Depok,Lebak Bulus,S,Jakarta Selatan,Jaksel,lebak bulus -- pondok labu -- jati -- gandul-mampang -- sawangan -- depok -- ,depok -- sawangan -- gandul-mampang -- jati -- pondok labu -- lebak bulus -- 
K W K,-,S17,Term. Lebak Bulus - Depok,Lebak Bulus,S,Jakarta Selatan,Jaksel,lebak bulus -- desa limo -- parung panjang -- lebak bulus -- cinere -- sawangan -- depok -- ,depok -- sawangan -- cinere -- lebak bulus -- parung panjang -- desa limo -- lebak bulus -- 
K W K,-,S18,Lebak Bulus - Parung,Lebak Bulus,S,Jakarta Selatan,Jaksel,lebak bulus -- lebak bulus -- pondok cabe -- kebayoran lama utara -- raya parung -- parung -- ,parung -- raya parung -- kebayoran lama utara -- pondok cabe -- lebak bulus -- lebak bulus -- 
Bus Sedang,Kopaja,P20,Term. Senen -- Lb. Bulus,Senen,P,Jakarta Pusat,Jakpus,senen -- bungur -- gunung sahari utara -- g. sahari  budi u -- lap. ban utr -- pejambon merd tmr -- menteng -- cikini -- m yamin cminoto -- karet -- r. road sel -- lebak bulus -- ,r. road sel -- karet -- m yamin cminoto -- cikini -- 
Bus Sedang,Kopaja,S613,Blok M -- Bintaro Jaya,Blok M,S,Jakarta Selatan,Jaksel,meruya utara -- pulo -- melawai -- kramat pela -- kramat pela -- mayestik -- pulo -- ulujami -- ulujami -- bintaro -- ,bintaro -- ulujami -- ulujami -- pulo -- mayestik -- kramat pela -- kramat pela -- melawai -- pulo -- meruya utara -- 
Bus Sedang,Kopaja,S612,Kb. Bntng Blk -- Kampung Melayu,Kampung Melayu,T,Jakarta Timur,Jaktim,kb. bntang blk -- cilandak timur -- cilandak barat -- cilandak timur -- tegal parang -- tegal parang -- gelora -- menteng dalam -- tebet timur -- pasar darurat -- bukit duri -- pejaten barat -- jati -- kebon manggis -- jati -- ,kampung melayu -- jati -- kebon manggis -- jati -- pejaten barat -- bukit duri -- pasar darurat -- tebet timur -- menteng dalam -- gelora -- tegal parang -- tegal parang -- cilandak timur -- cilandak barat -- cilandak barat -- 
Bus Sedang,Kopaja,S609,Blok M - Meruya Ilir,Blom M,S,Jakarta Selatan,Jaksel,meruya utara -- pulo -- melawai -- kramat pela -- kramat pela -- maphar -- gandaria utara -- gandaria utara -- velbak -- kebayoran lama utara -- ulujami -- pejaten barat -- ulujami -- meruya utara -- ,meruya utara -- ulujami -- pejaten barat -- ulujami -- kebayoran lama utara -- velbak -- gandaria utara -- gandaria utara -- maphar -- kramat pela -- kramat pela -- melawai -- pulo -- meruya utara -- 
Bus Sedang,Kopaja,S13,Ragunan Blk - Slipi,Ragunan,S,Jakarta Selatan,Jaksel,ragunan -- jelambar -- jagakarsa -- ciganjur -- cilandak timur -- pasar minggu -- pondok pinang -- pulo -- kebayoran lama utara -- velbak -- jl. pbuwono 6 -- jl. bumi -- rs pertamina -- jl. p unus -- jl. h tuah vii -- pondok pinang -- ,slipi -- kuningan barat -- karet semanggi -- senayan -- jl. s mangaraja -- jl. h tuah vii -- jl. p unus -- rs pertamina -- jl. bumi -- jl. pbuwono 6 -- velbak -- kebayoran lama utara -- pulo -- pondok pinang -- pasar minggu -- petojo selatan -- 
Bus Sedang,Kopaja,S602,Tanah Abang - Ragunan,Kampung Rambutan,S,Jakarta Selatan,Jaksel,tanah abang -- kampung bali -- jati -- jati -- kebon kacang -- senayan -- karet -- gelora -- tegal parang -- pejaten barat -- ragunan -- ,ragunan -- pejaten barat -- tegal parang -- gelora -- karet -- senayan -- kebon kacang -- jati -- jati -- kampung bali -- tanah abang -- 
Bus Sedang,Kopaja,S605,Blok M - Kp RAmbutan,Blok M,S,Jakarta Selatan,Jaksel,meruya utara -- pulo -- melawai -- pulo -- kramat pela -- mayestik -- gandaria utara -- gandaria utara -- kebayoran lama utara -- ulujami -- ulujami -- pondok betung -- ,pondok betung -- ulujami -- ulujami -- kebayoran lama utara -- gandaria utara -- gandaria utara -- mayestik -- kramat pela -- pulo -- melawai -- pulo -- meruya utara -- 
Bus Sedang,Kopaja,S605,Blok M - Kp Rambutan,Blok M,S,Jakarta Selatan,Jaksel,meruya utara -- pulo -- cilandak barat -- tugu utara -- jl. a tolib -- bangka -- cilandak timur -- cilandak barat -- ling luar sel -- pasar minggu -- rambutan -- ,rambutan -- pasar minggu -- ling luar sel -- cilandak barat -- cilandak timur -- bangka -- jl. a tolib -- tugu utara -- cilandak barat -- pulo -- meruya utara -- 
Bus Sedang,Kopaja,S605A,Blok M - Term. Ragunan,Blok M,S,Jakarta Selatan,Jaksel,meruya utara -- pulo -- pulo -- melawai -- pulo -- pulo -- d wangsa iii -- pulo -- ragunan -- ragunan -- cilandak timur -- pasar minggu -- ,pasar minggu -- cilandak timur -- ragunan -- ragunan -- pulo -- d wangsa iii -- pulo -- pulo -- melawai -- pulo -- pulo -- meruya utara -- 
Bus Sedang,Kopaja,S606,Pasar Minggu - Srengseng,Pasar Minggu,S,Jakarta Selatan,Jaksel,pasar minggu -- pasar minggu -- lenteng agung -- yon sikon -- kalibata -- srengseng sawah -- ,srengseng sawah -- kalibata -- yon sikon -- lenteng agung -- pasar minggu -- pasar minggu -- 
Bus Sedang,Kopaja,S608,Blok M - Tanah Abang,Blok M,S,Jakarta Selatan,Jaksel,meruya utara -- pulo -- melawai -- blg/barito -- k. maja/t. puring -- velbak/asimpruk -- fly over permata hijau -- ptr di itc permata hijau -- grogol utara -- grogol utara -- bendungan hilir -- bendungan hilir -- duri utara -- tanah abang -- ,tanah tinggi -- duri utara -- bendungan hilir -- bendungan hilir -- grogol utara -- grogol utara -- ptr di itc permata hija -- 
Bus Sedang,Kopaja,S614,Pasar Minggu - Pasar Cipulir,Pasar Minggu,S,Jakarta Selatan,Jaksel,pasar minggu -- ragunan -- jati -- pejaten barat -- cilandak timur -- bangka -- cilandak timur -- bangka -- cilandak timur -- jelambar -- p antasari -- tm brawijaya -- d wangsa 15 -- d wangsa 14 -- duri pulo -- ,cipulir -- ulujami -- kebayoran lama utara -- cipulir -- pulo -- pulo -- pulo -- pulo -- d wangsa 14 -- d wangsa 15 -- tm brawijaya -- p antasari -- jelambar -- cilandak timur -- bangka -- cilandak timur -- 
K W K,-,T01,Term. Cililitan - Setu,Cililitan,T,Jakarta Timur,Jaktim,cililitan -- kramat jati -- jl. raya hek -- lubang buaya -- lubang buaya -- grogol selatan -- sukapura -- bambu apus -- bambu apus -- jl. bambu hitam -- rawa buaya -- kramat -- setu -- ,setu -- kramat -- rawa buaya -- jl. bambu hitam -- bambu apus -- bambu apus -- sukapura -- grogol selatan -- lubang buaya -- lubang buaya -- jl raya hek -- kramat jati -- cililitan -- 
Bus Sedang,Kopaja,S 615,Lbk Bulus - Tanah Abang,Lebak Bulus,S,Jakarta Selatan,Jaksel,blk bulus -- kedoya selatan -- pulo -- pulo -- pulo -- selong -- selong -- gunung -- mustopo asia -- afrika tvri -- jati -- gelora -- jati -- bendungan hilir -- bendungan hilir -- duren tiga -- ,tanah abang -- kebon kacang -- bendungan hilir -- bendungan hilir -- jati -- gelora -- jati -- afrika tvri -- mustopo asia -- gunung -- selong -- selong -- pulo -- pulo -- pulo -- kedoya selatan -- 
K W K,-,T02,Cililitan - Cilangkap,Cililitan,T,Jakarta Timur,Jaktim,cililitan -- kramat jati -- lubang buaya -- lubang buaya -- sukabumi utara -- ceger -- munjul -- cipayung -- cilangkap -- ,cilangkap -- cipayung -- munjul -- ceger -- sukabumi utara -- lubang buaya -- lubang buaya -- kramat jati -- cililitan -- 
K W K,-,T03,Term. Cililitan - Munjul,Cililitan,T,Jakarta Timur,Jaktim,cililitan -- rambutan -- ciracas -- kelapa dua wetan -- munjul -- ,munjul -- kelapa dua wetan -- ciracas -- rambutan -- kramat jati -- cililitan -- 
Bus Sedang,Kopaja,S616,Blok M -- Srengseng Sawah,Blok M,S,Jakarta Selatan,Jaksel,meruya utara -- pulo -- pulo -- w mongonsidi -- tegal parang -- gelora -- pejaten barat -- lenteng agung -- kayu putih -- kelapa tiga -- jl. moh kapi iii -- cipinang cempedak -- istn -- ,istn -- cipinang cempedak -- jl. moh kapi iii -- kelapa tiga -- kayu putih -- lenteng agung -- pejaten barat -- gelora -- tegal parang -- w mongonsidi -- pulo -- pulo -- meruya utara -- 
K W K,-,T04,Ujung Aspal _ PTR. Asabri,-,T,Jakarta Timur,Jaktim,ujung aspal -- grogol selatan -- lubang buaya -- hek -- kramat jati -- cililitan -- cawang -- ,cawang -- cililitan -- kramat jati -- hek -- lubang buaya -- grogol selatan -- ujung aspal -- 
Bus Sedang,Kopaja,S620,Manggarai - Blok M,Manggarai,S,Jakarta Selatan,Jaksel,manggarai -- manggarai selatan -- pasar manggis -- guntur -- johar baru -- guntur -- menteng -- jl. cimahi -- jl. cianjur -- kuningan timur -- pela mampang -- tegal parang -- w mangonsidi -- pulo -- meruya utara -- ,meruya utara -- pulo -- w mangonsidi -- tegal parang -- pela mampang -- kuningan timur -- jl. cianjur -- jl. cimahi -- menteng -- guntur -- johar baru -- guntur -- pasar manggis -- manggarai selatan -- manggarai -- 
Angkutan Pengganti Bemo,-,T05,Term. Cililitan - Setu,Cililitan,T,Jakarta Timur,Jaktim,cililitan -- kramat jati -- pasar hek -- lubang buaya -- lubang buaya -- lubang buaya -- rawa binong -- pagelaran -- setu -- ,setu -- pagelaran -- rawa binong -- lubang buaya -- lubang buaya -- lubang buaya -- pasar hek -- kramat jati -- cililitan -- 
Bus Sedang,Kopaja,S63,Term. Blok M -- Depok,Blok M,S,Jakarta Selatan,Jaksel,meruya utara -- pulo -- pulo -- pejagalan -- jl. prapanca bnt -- cipete utara -- jelambar -- cilandak timur -- pasar minggu -- tanjung barat -- pasar minggu -- depok -- ,depok -- pasar minggu -- tanjung barat -- pasar minggu -- cilandak timur -- jelambar -- cipete utara -- jl. prapanca bnt -- pejagalan -- pulo -- pulo -- meruya utara -- 
Bus Sedang,Kopaja,S66,Manggarai -- Blok M,Manggarai,S,Jakarta Selatan,Jaksel,manggarai -- guntur -- guntur -- johar baru -- guntur -- guntur -- menteng -- jl. cimahi -- jl. cianjur -- kuningan timur -- menteng dalam -- polda metro -- senayan -- selong -- pulo -- adityawarman -- pulo -- ,meruya utara -- pulo -- gunung -- pulo -- adityawarman -- pulo --   pattimura --sudirman -- polda metro -- menteng dalam -- kuningan timur -- jl. cianjur -- jl. cimahi -- menteng -- guntur -- guntur -- johar baru -- 
Bus Sedang,Kopaja,S68,Kb Binatang - Kampung Melayu,Kampung Melayu,T,Jakarta Timur,Jaktim,cikini -- ragunan -- ragunan -- pejaten barat -- pancoran -- pancoran -- jl. wimo -- baru -- tebet timur -- bukit duri -- pejaten barat -- bukit duri -- jati -- kebon manggis -- jati -- ,kampung melayu -- jati -- kebon manggis -- jati -- bukit duri -- pejaten barat -- bukit duri -- tebet timur -- baru -- jl. wimo -- pancoran -- pancoran -- pejaten barat -- ragunan -- ragunan -- 
Bus Sedang,Kopaja,T48,Kampung Rambutan - Pulo Gebang,Kampung Rambutan,T,Jakarta Timur,Jaktim,rambutan -- pasar minggu -- kramat jati -- kramat -- cawang -- cipinang besar utara -- cipinang -- cipinang -- p revolusi -- jl. ss -- klender -- petojo utara -- jakarta timur -- ,jakarta timur -- petojo utara -- klender -- jl. ss -- p revolusi -- cipinang -- cipinang -- cipinang besar utara -- cawang -- cililitan -- kramat -- kramat jati -- pasar minggu -- rambutan -- 
Bus Sedang,Kopaja,T57,Kp Rambutan - Blok M,Kampung Rambutan,T,Jakarta Timur,Jaktim,rambutan -- pasar minggu -- kramat -- cililitan -- cawang -- kalibata -- duran tiga -- kalibata -- tegal parang -- w mangonsidi -- pulo -- meruya utara -- ,meruya utara -- pulo -- w mangonsidi -- tegal parang -- kalibata -- duran tiga -- kalibata -- cawang -- cililitan -- kramat -- pasar minggu -- rambutan -- 
Bus Sedang,Kopaja,T501,Kp Rambutan -- Pulo Gadung,Kampung Rambutan,T,Jakarta Timur,Jaktim,rambutan -- pasar minggu -- kramat jati -- kramat -- cawang -- cipinang besar utara -- pisangan timur -- jati -- pulo gadung -- pulo gadung -- ,pulo gadung -- pulo gadung -- jati -- pisangan timur -- cipinang besar utara -- cawang -- kramat -- kramat jati -- pasar minggu -- rambutan -- 
Bus Sedang,Kopaja,T502,Kp Rambutan - Tanah Abang,Kampung Rambutan,T,Jakarta Timur,Jaktim,rambutan -- kramat jati -- ps heck -- tol jagorawi -- bukit duri -- cawang -- bidaracina -- kebon manggis -- pegangsaan -- pegangsaan -- prof moch yamin -- gambir -- gambir -- kebon sirih -- kampung bali -- tanah abang -- ,tanah abang -- kampung bali -- kebon sirih -- gambir -- gambir -- prof moch yamin -- pegangsaan -- pegangsaan -- kebon manggis -- bidaracina -- cawang -- bukit duri -- tol jagorawi -- ps heck -- kramat jati -- rambutan -- 
Bus Sedang,Kopaja,U27,Kelapa Gading - Senen,Senen,P,Jakarta Pusat,Jakpus,kelapa gading barat -- kayu putih -- sunter agung -- sunter agung -- sunter agung -- tanjung priok -- baru -- gunung sahari utara -- senen -- ,senen -- gunung sahari utara -- baru -- tanjung priok -- sunter agung -- sunter agung -- sunter agung -- kayu putih -- kelapa gading barat -- 
Angkutan Pengganti Bemo,C Mayasari Bakti,925,Term. Blok m - Term. Kali Deres,Blok M,S,Jakarta Selatan,Jaksel,meruya utara -- jl . aditia w -- rawa barat -- selong -- senayan -- senayan -- gelora -- palmerah -- jelambar -- kali deres -- ,jelambar -- kali deres -- jelambar -- palmerah -- gelora -- senayan -- senayan -- selong -- jl . wol -- 
Angkutan Pengganti Bemo,C Mayasari Bakti,906,Pulo Gadung - Pasar Baru PP,Term. Pulo Gadung,T,Jakarta Timur,Jaktim,pulo gadung -- pulo gadung -- harapan mulia -- tanah tinggi -- jl . benyamin s -- kemayoran -- gunung sahari selatan -- pasar baru -- kebon kelapa -- kebon kelapa -- sukabumi selatan -- pasar baru -- pasar baru -- ,pasar baru -- pasar baru -- sukabumi selatan -- kebon kelapa -- kebon kelapa -- pasar baru -- gunung sahari selatan -- kemayoran -- jl . benyamin s -- tanah tinggi -- harapan mulia -- pulo gadung -- 
Angkutan Pengganti Bemo,C Mayasari Bakti,905,Pulo Gadung - Dr Wahidin,Term. Pulo Gadung,T,Jakarta Timur,Jaktim,pulo gadung -- cakung -- jati -- jati -- jati -- utan kayu selatan -- jati -- pegangsaan -- kenari -- kenari -- kramat -- senen -- pasar baru -- ,pasar baru -- senen -- kramat -- kenari -- kenari -- pegangsaan -- jati -- utan kayu selatan -- jati -- jati -- jati -- cakung -- pulo gadung -- 
Bus Sedang,Kopami Jaya,P02,Senen - Muara Angke,Senen,P,Jakarta Pusat,Jakpus,senen -- bungur -- harapan mulia -- utan panjang -- kemayoran -- gunung sahari selatan -- gunung sahari selatan -- pinangsia -- st kota -- pinangsia -- tanjung priok -- pluit -- pluit -- pluit -- rawa buaya -- ,angke -- pejagalan -- raya ma karang -- pluit -- pluit -- pluit -- tanjung priok -- pinangsia -- st kota -- pinangsia -- gunung sahari selatan -- gunung sahari selatan -- kemayoran -- utan panjang -- klender -- 
Bus Sedang,Kopami Jaya,P12,Senen - Kalideres,Senen,P,Jakarta Pusat,Jakpus,senen -- bungur -- gunung sahari selatan -- pasar baru -- petojo utara -- zainul arifin -- cideng -- grogol -- jelambar -- kalideres -- ,kalideres -- jelambar -- grogol -- cideng -- zainul arifin -- petojo utara -- pasar baru -- gunung sahari selatan -- bungur -- senen -- 
Bus Sedang,Kopami Jaya,U31,Kelapa Gading - Kota,Kota,B,Jakarta Barat,Jakbar,kelapa gading barat -- kayu putih -- kayu putih -- pulo -- cempaka putih timur -- harapan mulia -- kramat -- senen -- pasar baru -- sukabumi selatan -- gunung sahari selatan -- pinangsia -- kota bambu utara -- ,kota bambu utara -- pinangsia -- gunung sahari selatan -- sukabumi selatan -- pasar baru -- senen -- kramat -- harapan mulia -- cempaka putih timur -- pulo -- kayu putih -- kayu putih -- kelapa gading barat -- 
Bus Sedang,Koantas Bima,P102,Tanah Abang - Ciputat,Tanah Abang,P,Jakarta Pusat,Jakpus,tanah abang -- petamburan -- slipi -- gelora -- palmerah -- gelora -- gunung -- gunung -- jl. bumi -- maphar -- gandaria utara -- gandaria utara -- pondok pinang -- lebak bulus -- lebak bulus -- kebayoran lama utara -- ciputat -- ,ciputat -- kebayoran lama utara -- lebak bulus -- lebak bulus -- pondok pinang -- gandaria utara -- gandaria utara -- maphar -- jl. bumi -- gunung -- gunung -- gelora -- palmerah -- gelora -- slipi -- petamburan -- tanah abang -- 
Bus Sedang,koantas Bima,S621,Blok M - Ciputat,Blok M,S,Jakarta Selatan,Jaksel,meruya utara -- pulo -- pulo -- pulo -- pulo -- pulo -- kedoya selatan -- lebak bulus -- lebak bulus -- kebayoran lama utara -- ciputat -- ,ciputat -- kebayoran lama utara -- lebak bulus -- lebak bulus -- kedoya selatan -- pulo -- pulo -- pulo -- pulo -- pulo -- meruya utara -- 
Bus Sedang,Koantas Bima,T507,Kampung Melayu - Bogor,Kampung Melayu,T,Jakarta Timur,Jaktim,kampung melayu -- jati -- bali mester -- jati -- bidaracina -- pancoran -- cawang -- cililitan -- kramat -- kramat jati -- cisalak -- cimanggis -- bogor -- ,bogor -- cimanggis -- cisalak -- kramat jati -- kramat -- cililitan -- cawang -- pancoran -- bidaracina -- jati -- bali mester -- jati -- kampung melayu -- 
Bus Sedang,Koantas Bima,T509,Kp Rambutan -- Lebak Bulus,Kampung Rambutan,T,Jakarta Timur,Jaktim,pasar minggu -- kramat jati -- lingkar selatan -- lebak bulus -- ,lebak bulus -- lingkar selatan -- kramat jati -- pasar minggu -- 
Bus Sedang,Koantas Bima,T509A,Lebak Bulus - PRJ Kemayoran,Term. Lebak Bulus,S,Jakarta Selatan,Jaksel,lingkar selatan -- kramat jati -- jend sutoyo -- cipinang besar utara -- kebon bawang -- sunter agung -- kemayoran -- ,kemayoran -- sunter agung -- kebon bawang -- cipinang besar utara -- jend sutoyo -- kramat jati -- lingkar selatan -- 
Bus Sedang,Koantas Bima,T510,Kp Rambutan - Ciputat,Kampung Rambutan,T,Jakarta Timur,Jaktim,pasar minggu -- pasar minggu -- lingkar sel teng -- lingkar sel bar -- lebak bulus -- lebak bulus -- kebayoran lama utara -- ,kebayoran lama utara -- lebak bulus -- lebak bulus -- lingkar sel bar -- lingkar sel teng -- pasar minggu -- pasar minggu -- 
Bus Sedang,Bus Sekolah,BS03,Senen - Bend Hilir,Senen,P,Jakarta Pusat,Jakpus,senen -- jl. ar saleh -- kwitang -- menteng -- kebon sirih -- mutar bunderan -- gondangdia -- kebon sirih -- menteng -- kebon sirih -- kampung bali -- kebon kacang -- bendungan hilir -- bendungan hilir -- ,bendungan hilir -- kebon kacang -- kampung bali -- kebon sirih -- menteng -- kebon sirih -- karet tengsin -- 
Bus Sedang,Bus Sekolah,BS04,Grogol - Pasar Baru,Grogol,B,Jakarta Barat,Jakbar,grogol -- kh h ashari -- gj mada -- mangga besar -- kebon kelapa -- baru -- pasar baru -- pasar baru -- pasar baru -- gambir -- ,gambir -- pasar baru -- pasar baru -- pasar baru -- baru -- kebon kelapa -- mangga besar -- gj mada -- kh h ashari -- grogol -- 
Angkutan Pengganti Bemo,C Mayasari Bakti,507,Pulo Gadung - Tanah Abang,Term. Pulo Gadung,T,Jakarta Timur,Jaktim,pulo gadung -- pulo gadung -- harapan mulia -- tanah tinggi -- jl . benyamin s -- kemayoran -- gunung sahari selatan -- gunung -- pasar baru -- pasar baru -- pasar baru -- gambir -- menteng dalam -- ,tanah abang -- kampung bali -- jl . abdul muis -- jl . b kemulyaan -- gambir -- jl . r rais -- gambir -- pasar baru -- pasar baru -- pasar baru -- gunung -- gunung sahari selatan -- kemayoran -- pulo -- 
Angkutan Pengganti Bemo,C Mayang Sari,505,Pulo Gadung - Pasar Minggu,Term. Pulo Gadung,T,Jakarta Timur,Jaktim,pulo gadung -- klender -- cipinang besar utara -- pancoran -- pasar minggu -- lenteng agung -- pertanian -- ragunan -- pasar minggu -- ,pasar minggu -- ragunan -- pertanian -- lenteng agung -- pasar minggu -- pancoran -- cipinang besar utara -- klender -- pulo gadung -- 
Angkutan Pengganti Bemo,A Perum PPD,AC15,Term. Depok - Dukuh Bawah,Depok,T,Jakarta Timur,Jaktim,depok -- margonda raya -- ui depok -- lenteng agung -- tanjung barat -- pasar minggu -- gelora -- karet semanggi -- senayan -- dukuh -- ,dukuh -- senayan -- karet semanggi -- gelora -- jl . ra -- 
Angkutan Pengganti Bemo,A Perum PPD,AC16,Rawa Mangun - Lebak Bulus,Rawa Mangun,T,Jakarta Timur,Timur,jati -- gambir -- cipinang -- pramuka -- kebon manggis -- kenari -- kenari -- menteng -- senayan -- gelora -- gunung -- velbak -- pondok indah -- lebak bulus -- ,lebak bulus -- pondok indah -- velbak -- gunung -- gelora -- senayan -- menteng -- kenari -- kenari -- kebon manggis -- pramuka -- cipinang -- gambir -- jati -- 
Angkutan Pengganti Bemo,A Perum PPD,AC14,Kampung Rambutan - Ciputat,Kampung Rambutan,T,Jakarta Timur,Timur,rambutan -- pasar minggu -- kramat jati -- toll jagorawi -- cawang -- pancoran -- gelora -- tegal parang -- petogogan -- pulo -- pulo -- cilandak barat -- lebak bulus -- jl . ra -- ,ciputat -- kebayoran lama utara -- lebak bulus -- cilandak barat -- pulo -- pulo -- petogogan -- tegal parang -- gelora -- pancoran -- cawang -- tol jagorawi -- kramat jati -- pasar minggu -- 
Angkutan Pengganti Bemo,A Perum PPD,AC13,Muara Angke - Kampung Rambutan,Kampung Rambutan,T,Jakarta Timur,Timur,angke -- pejagalan -- pluit -- pejagalan -- pejagalan -- angke -- palmerah -- gelora -- pancoran -- cawang -- toll jagorawi -- kramat jati -- pasar minggu -- rambutan -- ,rambutan -- pasar minggu -- kramat jati -- toll jagorawi -- cawang -- pancoran -- gelora -- palmerah -- angke -- pejagalan -- pejagalan -- pluit -- pejagalan -- angke -- 
Angkutan Pengganti Bemo,A Perum PPD,AC11,Rawa Mangun - Grogol,Term. Pulo Gadung,T,Jakarta Timur,Timur,jati -- rumah sakit persahabatan -- jati -- jl . pramuka -- kenari -- menteng -- senayan -- karet semanggi -- grogol utara -- ,grogol utara -- karet semanggi -- senayan -- menteng -- kenari -- jl . pramuka -- jati -- rumah sakit persahabatan -- jati -- 
Angkutan Pengganti Bemo,A Perum PPD,AC10,Kampung Rambutan - Dukuh Bawah,Kampung Rambutan,T,Jakarta Timur,Timur,rambutan -- pasar minggu -- toll jagorawi -- cawang -- pancoran -- gelora -- karet semanggi -- senayan -- dukuh -- ,dukuh -- dukuh -- senayan -- karet semanggi -- gelora -- pancoran -- cawang -- toll jagorawi -- pasar minggu -- rambutan -- 
Angkutan Pengganti Bemo,A Perum PPD,AC09,Term. Kampung Rambutan - Kota,Kampung Rambutan,T,Jakarta Timur,Timur,rambutan -- pasar minggu -- toll jagorawi -- cawang -- cipinang besar utara -- jl . ahmat yani -- jl .pramuka -- jl .salemba raya -- kramat -- gambir -- gambir -- pasar baru -- pasar baru -- ,kota bambu utara -- ancol -- gunung -- pasar baru -- pasar baru -- gambir -- gambir -- kramat -- kenari -- jl pramuka -- jl . ahmat yani -- cipinang besar utara -- cawang -- toll j -- 
Angkutan Pengganti Bemo,A Perum PPD,AC08,Term. Pulo Gadung - Blok M,Term. Pulo Gadung,T,Jakarta Timur,Timur,pulo gadung -- pulo gadung -- utan kayu selatan -- pramuka -- kebon manggis -- pangeran diponogoro -- menteng -- senayan -- gunung -- meruya utara -- ,pulo -- meruya utara -- gunung -- senayan -- menteng -- pangeran dipo -- 
Angkutan Pengganti Bemo,A Perum PPD,AC01,Term. Bekasi - Term. Pasar Minggu,Pasar Minggu,S,Jakarta Selatan,Jaksel,bekasi -- masuk pintu toll -- bekasi barat -- keluar pintu toll halim -- cawang -- cawang -- kalibata -- pasar minggu -- pasar minggu -- ,pasar minggu -- pasar minggu -- kalibata -- cawang -- cawang -- keluar pintu toll halim -- bekasi barat -- masuk pintu toll -- bekasi -- 
Angkutan Pengganti Bemo,A Perum PPD,NE - 3,Pulo Gadung - Lebak Bulus,Term. Pulo Gadung,T,Jakarta Timur,Jaktim,pulo gadung -- pulo gadung -- jati -- toll dalam kota -- keluar pintu toll -- komdak -- senayan -- gunung -- pulo -- petogogan -- gandaria utara -- pondok pinang -- ,lebak bulus -- pondok indah -- gandaria utara -- petogogan -- pulo -- gunung -- senayan -- komdak -- keluar pintu toll -- toll dalam kota -- jl . ahmat yani -- pulo gadung -- 
Angkutan Pengganti Bemo,A Perum PPD,NE - 2,Term. Rawa Mangun - Term. Grogol,--,T,Jakarta Timur,Jaktim,jati -- jati -- pramuka -- kenari -- kramat -- kwitang -- gambir -- gambir -- gambir -- s pranoto -- tomang -- cideng -- berputar -- cideng -- grogol -- grogol utara -- ,grogol utara -- grogol -- cideng -- berputar -- cideng -- tomang -- s pranoto -- gambir -- gambir -- kwitang -- gambir -- kramat -- kenari -- jati -- pramuka -- jati -- 
Angkutan Pengganti Bemo,A Perum PPD,NE - 1,Term. Pinang Ranti - Kota / BNI,Pinang Ranti,T,Jakarta Timur,Jaktim,pinang ranti -- lubang buaya -- gunung sahari selatan -- toll taman mini -- cawang -- cipinang besar utara -- jl pramuka -- pegangsaan -- kenari -- kramat -- kwitang -- gambir -- gambir -- ,cilandak barat -- petojo selatan -- gambir -- gambir -- gambir -- kwitang -- kramat -- kenari -- pegangsaan -- jl . pramuka -- cipinang besar utara -- cawang -- toll taman mini - -- 
Bus Sedang,Bus Sekolah,B05,PRJ Kemayoran - Bendungan Hilir,PRJ Kemayoran,P,Jakarta Pusat,Jakpus,kemayoran -- gunung sahari utara -- gunung sahari utara -- gunung sahari utara -- pasar baru -- pasar baru -- pasar baru -- pasar baru -- gambir -- gambir -- gambir -- jl. abdi muis -- kampung bali -- kebon kacang -- ,bendungan hilir -- kebon kacang -- kampung bali -- jl. abdi muis -- gambir -- gambir -- gambir -- pasar baru -- pasar baru -- pasar baru -- pasar baru -- gunung sahari utara -- gunung sahari utara -- gunung sahari utara -- 
Bus Sedang,Bus Sekolah,BS06,Term. Grogol - Jayakarta,Grogol,B,Jakarta Barat,Jakbar,grogol utara -- grogol -- hasyim ashari -- petojo selatan -- berputar dipom -- bensin olimo -- mangga besar -- mangga besar -- gunung sahari utara -- mangga dua selatan -- mangga dua selatan -- ,mangga dua selatan -- mangga dua selatan -- gunung sahari utara -- mangga besar -- mangga besar -- bensin olimo -- berputar dipom -- petojo selatan -- kebon sirih -- 
Bus Sedang,Bus Sekolah,BS07,Tanah Abang - Kp Melayu,Tanah Abang,P,Jakarta Pusat,Jakpus,kampung bali -- kebon kacang -- karet tengsin -- jl. casablanca -- jl. lap roos -- kampung melayu -- jati -- kebon manggis -- jati -- kampung melayu -- ,kampung melayu -- jati -- kebon manggis -- jati -- kampung melayu -- jl. lap roos -- jl. casablanca -- karet tengsin -- kebon kacang -- kampung bali -- 
K W K,-,T05,Term. Cililitan - Setu,Cililitan,T,Jakarta Timur,Jaktim,cililitan -- kramat jati -- pasar hek -- lubang buaya -- lubang buaya -- lubang buaya -- rawa binong -- pagelaran -- setu -- ,setu -- pagelaran -- rawa binong -- lubang buaya -- lubang buaya -- lubang buaya -- pasar hek -- kramat jati -- cililitan -- 
K W K,-,T05A,Lubang Buaya - Kampung Rambutan,Timur,T,Jakarta Timur,Jaktim,lubang buaya -- pejagalan -- jl. pagelaran -- jati -- pejaten barat -- setu -- sukabumi utara -- pasar minggu -- rambutan -- ,rambutan -- pasar minggu -- sukabumi utara -- setu -- pejaten barat -- jati -- jl. pagelaran -- pejagalan -- lubang buaya -- 
K W K,-,T06,Kampung Rambutan - Cililitan,Kampung Rambutan,T,Jakarta Timur,Jaktim,rambutan -- pasar minggu -- serdang -- kampung tengah -- kramat jati -- cililitan -- ,cililitan -- kramat jati -- kampung tengah -- serdang -- pasar minggu -- rambutan -- 
K W K,-,T07,Term. Cililitan - Condet,Cililitan,T,Jakarta Timur,Jaktim,cililitan -- batu ampar -- balekambang -- gardu munggung -- gedong -- ,gedong -- gardu munggung -- balekambang -- batu ampar -- cililitan -- 
Steady Safe,Bus Besar,921,Term. Kampung Melayu - Term. Blok M,Kampung Melayu,T,Jakarta Timur,Jaktim,kampung melayu -- cawang -- pancoran -- gelora -- senayan -- s mangaraja -- meruya utara -- ,aditia w -- meruya utara -- s mangaraja -- senayan -- gelora -- pancoran -- 
Angkutan Pengganti Bemo,Steady Safe,938,Term. Klender - Term. Blok M,Klender,T,Jakarta Timur,Jaktim,klender -- kelapa gading barat -- malaka jaya -- harapan mulia -- cipete selatan -- jl. r soekamto -- jl. kol sugiono -- jl. casablanca -- senayan -- karet semanggi -- gelora -- gelora -- gunung -- gunung -- ,meruya utara -- pulo -- kramat pela -- jl. bumi -- gunung -- gunung -- gelora -- gelora -- karet semanggi -- senayan -- jl. casablanca -- jl. kol sugiono -- jl. r soekamto -- cipete selatan -- jl. m mera -- 
K W K,-,T08,Kampung Rambutan - Cililitan,Kampung Rambutan,T,Jakarta Timur,Jaktim,rambutan -- pasar minggu -- kebon pala -- kramat jati -- cililitan -- ,cililitan -- kramat jati -- kebon pala -- pasar minggu -- rambutan -- 
K W K,-,T09,Kalisari - Term. Cililitan,Cililitan,T,Jakarta Timur,Jaktim,kalisari -- pekayon -- baru -- cijantung -- kramat jati -- kramat -- cililitan -- ,cililitan -- kramat -- kramat jati -- cijantung -- baru -- pekayon -- kalisari -- 
K W K,-,T10,Term. Cililitan - Chandra,Cililitan,T,Jakarta Timur,Jaktim,cililitan -- kramat jati -- pasar hek -- lubang buaya -- senayan -- ,senayan -- lubang buaya -- pasar hek -- kramat jati -- cililitan -- 
K W K,-,T11,Cililitan - Mekarsari,Cililitan,T,Jakarta Timur,Jaktim,cililitan -- kramat -- kramat jati -- gandaria utara -- mekarsari -- ,mekarsari -- gandaria utara -- kramat jati -- kramat -- cililitan -- 
K W K,-,T12,Cililitan - Kampung Rambutan,Cililitan,T,Jakarta Timur,Jaktim,cililitan -- kramat -- kramat jati -- jl. suci -- ciracas -- ciracas -- pengantin ali -- rambutan -- ,rambutan -- pengantin ali -- ciracas -- ciracas -- jl. suci -- kramat jati -- kramat -- cililitan -- 
K W K,-,T13,Term. Cililitan - Taman Bunga,Cililitan,T,Jakarta Timur,Jaktim,cililitan -- kramat jati -- cibubur -- bulak sereh -- kedoya selatan -- ,kedoya selatan -- bulak sereh -- cibubur -- kramat jati -- cililitan -- 
K W K,-,T14,Term. Cililitan - Setu,Cililitan,T,Jakarta Timur,Jaktim,cililitan -- kramat jati -- mangga besar -- ciracas -- cipayung -- setu -- ,setu -- cipayung -- ciracas -- mangga besar -- kramat jati -- cililitan -- 
K W K,-,T15,Cililitan - Pondok Rangon,Cililitan,T,Jakarta Timur,Jaktim,cililitan -- kramat jati -- cilandak timur -- munjul -- joglo -- cilangkap -- pondok rangon -- ,pondok rangon -- cilangkap -- joglo -- munjul -- cilandak timur -- kramat jati -- cililitan -- 
K W K,-,T15A,Cililitan - Arundina,Cililitan,T,Jakarta Timur,Jaktim,cililitan -- cawang -- tol jagorawi -- lubang buaya -- grogol selatan -- cilangkap -- gunung sahari selatan -- jl. asyafiyah -- malaka jaya -- kelapa dua wetan -- arundina -- ,arundina -- kelapa dua wetan -- malaka jaya -- jl. asyafiyah -- gunung sahari selatan -- cilangkap -- grogol selatan -- lubang buaya -- tol jagorawi -- tol jagorawi -- cililitan -- 
K W K,-,T16,Term. Cililitan - Jambore,Cililitan,T,Jakarta Timur,Jaktim,cililitan -- kramat jati -- ciracas -- cibubur -- jambore -- ,jambore -- cibubur -- ciracas -- kramat jati -- cililitan -- 
K W K,-,T17,Cililitan - Pintu 2 TMII,Cililitan,T,Jakarta Timur,Jaktim,cililitan -- jati -- kampung lembur -- lubang buaya -- ,lubang buaya -- kampung lembur -- jati -- cililitan -- 
K W K,-,T18,Bulak Ringin - Kampung Rambutan,Kampung Rambutan,T,Jakarta Timur,Jaktim,bulak ringin -- dukuh -- cibubur -- iiiiii -- kelapa dua wetan -- jl. muhidin -- pengantin ali -- bungur -- jl. manunggal -- rambutan -- ,rambutan -- jl. manunggal -- bungur -- pengantin ali -- jl. muhidin -- kelapa dua wetan -- iiiiii -- cibubur -- dukuh -- bulak ringin -- 
K W K,-,T19,Pinang Ranti - Depok,Pinang Ranti,T,T jaktim,Jaktim,pinang ranti -- lubang buaya -- lubang buaya -- rambutan -- pasar minggu -- lenteng agung -- margonda raya -- depok -- ,depok -- margonda raya -- lenteng agung -- pasar minggu -- rambutan -- lubang buaya -- lubang buaya -- pinang ranti -- 
Angkutan Pengganti Bemo,A Perum PPD,BT03,Taman Mini - Grogol,Grogol,B,Jakarta Barat,Jakbar,lubang buaya -- toll jagorawi -- cawang -- pancoran -- gelora -- palmerah -- putar kembali -- palmerah -- gelora -- kota bambu utara -- ,palmerah -- gelora -- pancoran -- cawang -- toll jagorawi -- lubang buaya -- 
K W K,-,T20,Pulo Gadung - Bekasi,Term. Pulo Gadung,T,Jakarta Timur,Jaktim,pulo gadung -- cakung -- pondok ungu -- pasar manggis -- senayan -- kayu putih -- sub -- malaka jaya -- ,malaka jaya -- sub -- kayu putih -- senayan -- pasar manggis -- pondok ungu -- cakung -- pulo gadung -- 
K W K,-,T20A,Pulo Gadung - Harapan Baru,Term. Pulo Gadung,T,Jakarta Timur,Jaktim,pulo gadung -- cakung -- alexindo -- baru -- ,baru -- alexindo -- cakung -- pulo gadung -- 
K W K,-,T21,Pulo Gadung - Kayu TInggi,Term. Pulo Gadung,T,Jakarta Timur,Jaktim,pulo gadung -- cakung -- utan kayu selatan -- ,utan kayu selatan -- cakung -- pulo gadung -- 
K W K,-,T22,Term. Pulo Gadung - Gudang Palad,Term. Pulo Gadung,T,Jakarta Timur,Jaktim,pulo gadung -- cakung -- gudang palad -- ,gudang palad -- cakung -- pulo gadung -- 
K W K,-,T23,Term. Pulo Gadung - Kalimalang,Term. Pulo Gadung,T,T jaktim,Jaktim,pulo gadung -- cakung -- cakung -- cilandak barat -- jl. tarum barat -- pondok kelapa -- ,pondok kelapa -- jl. tarum barat -- cilandak barat -- cakung -- cakung -- pulo gadung -- 
K W K,-,T24,Rawamangun - Kalimalang,Rawamangun,T,Jakarta Timur,Jaktim,rawamangun -- duri kepa -- jati -- pisangan timur -- cipinang -- dkn -- cipinang besar utara -- klender -- jl. p. revolusi -- pondok bambu -- jelambar -- ciracas -- jati -- ,jati -- ciracas -- jelambar -- pondok bambu -- jl. p. revolusi -- klender -- cipinang besar utara -- cipinang besar utara -- cipinang -- pisangan timur -- jati -- duri kepa -- rawamangun -- 
Angkutan Pengganti Bemo,A Perum PPD,BS02,Pasar Baru - Blok M,Blok M,S,Jakarta Selatan,Jaksel,pasar baru -- pasar baru -- pasar baru -- pasar baru -- gambir -- gambir -- tugu tani -- kwitang -- kramat -- paseban -- kenari -- menteng -- senayan -- gunung -- kramat pela -- meruya utara -- ,meruya utara -- kramat pela -- gunung -- senayan -- menteng -- kenari -- paseban -- kramat -- kwitang -- tugu tani -- gambir -- gambir -- pasar baru -- pasar baru -- pasar baru -- pasar baru -- 
Angkutan Pengganti Bemo,A Perum PPD,BT01,Blok M - Kota / BNI 46,Blok M,S,Jakarta Selatan,Jaksel,meruya utara -- gunung -- senayan -- kebon sirih -- gambir -- petojo utara -- petojo selatan -- pinangsia -- pinangsia -- pinangsia -- sukabumi selatan -- jl . lada / bni 46 -- ,pinangsia -- jl . lada / bni 46 -- sukabumi selatan -- pinangsia -- pinangsia -- pinangsia -- petojo selatan -- petojo utara -- gambir -- kebon sirih -- senayan -- gunung -- meruya utara -- 
K W K,-,T25,Stasiun Cakung - Rawamangun,Rawamangun,T,Jakarta Timur,Jaktim,cakung -- pondok kopi -- i gusti ngurah rai -- jembatan layang -- klender -- bekasi timur -- jati -- pisangan timur -- jati -- jati -- pasar minggu -- jati -- jati -- pondok pinang -- jati -- kapuk -- ,rawamangun -- tanjung priok -- kapuk -- jati -- pondok pinang -- jati -- jati -- pasar minggu -- jati -- jati -- pisangan timur -- jati -- bekasi timur -- klender -- jembatan layang -- i gusti ngurah rai -- 
K W K,-,T26,Kalimalang - Rawamangun,Rawamangun,T,Jakarta Timur,Jaktim,pondok kelapa -- pondok kopi -- i gusti ngurah rai -- jembatan layang -- bekasi timur -- stm ks tubun -- cipinang -- jati -- pluit -- pluit -- cipinang -- jati -- tanjung priok -- rawamangun -- ,rawamangun -- tanjung priok -- jati -- cipinang -- pluit -- pluit -- jati -- cipinang -- stm ks tubun -- bekasi timur -- jembatan layang -- i gusti ngurah rai -- pondok kopi -- pondok kelapa -- 
K W K,-,T27,Rawamangun - Permata Timur,Rawamangun,T,Jakarta Timur,Jaktim,rawamangun -- jati -- stm ks tubun -- bekasi timur -- i gusti ngurah rai -- jatinegara -- pejaten barat -- duren sawit -- pondok kelapa -- cipinang melayu -- kembangan selatan -- ,kembangan selatan -- cipinang melayu -- pondok kelapa -- duren sawit -- pejaten barat -- jatinegara -- i gusti ngurah rai -- bekasi timur -- stm ks tubun -- jati -- rawamangun -- 
Angkutan Pengganti Bemo,A Perum PPD,BS01,Pasar Baru - Kampung Melayu,Kampung Melayu,T,Jakarta Timur,Timur,pasar baru -- gunung sahari selatan -- senen -- kramat -- paseban -- kebon manggis -- jati -- kampung melayu -- tidak masuk term. -- ,tidak masuk -- kampung melayu -- jati -- kebon manggis -- paseban -- kramat -- senen -- gunung sahari selatan -- pasar baru -- 
K W K,-,T28,Term. Pulo Gadung - Kandang Sapi,Term. Pulo Gadung,T,Jakarta Timur,Jaktim,pulo gadung -- cakung -- pondok bambu -- sukapura -- ujung menteng -- ,ujung menteng -- sukapura -- pondok bambu -- cakung -- pulo gadung -- 
K W K,-,T29,Term. Pulo Gadung - Ujung Krawang,Term. Pulo Gadung,T,Jakarta Timur,Jaktim,pulo gadung -- cakung -- cakung -- pulogebang -- ,pulogebang -- cakung -- cakung -- pulo gadung -- 
K W K,-,T30,Term. Pulo Gadung - Gempol,Term. Pulo Gadung,T,Jakarta Timur,Jaktim,pulo gadung -- cakung -- cakung -- ,cakung -- cakung -- pulo gadung -- 
K W K,-,T31,Term. Pulo Gadung - Pejuang Jaya,Term. Pulo Gadung,T,Jakarta Timur,Jaktim,pulo gadung -- cakung -- pondok ungu -- kali abang -- jelambar -- baru -- pejuang jaya -- ,pejuang jaya -- baru -- jelambar -- kali abang -- pondok ungu -- cakung -- pulo gadung -- 
K W K,-,T32,Term. Pulo Gadung - Komplek SBS,Term. Pulo Gadung,T,Jakarta Timur,Jaktim,pulo gadung -- cakung -- alexindo -- komplek sbs -- ,komplek sbs -- alexindo -- cakung -- pulo gadung -- 
K W K,-,T33,Term. Pulo Gadung - Harapan Jaya,Term. Pulo Gadung,T,Jakarta Timur,Jaktim,pulo gadung -- cakung -- cakung -- alexindo -- harapan jaya -- ,harapan jaya -- alexindo -- cakung -- cakung -- pulo gadung -- 
K W K,-,T33A,Term. Pulo Gadung - Titian,Term. Pulo Gadung,T,Jakarta Timur,Jaktim,pulo gadung -- cakung -- cakung -- ,cakung -- cakung -- pulo gadung -- 
K W K,-,T36,Komplek TNI AL - Rawamangun,Rawamangun,T,Jakarta Timur,PHB Jaktim,makasar -- pondok bambu -- p. revolusi -- cipinang -- cipinang -- ngurah rai -- cipinang besar utara -- berputar -- cipinang -- cipinang -- pisangan timur -- jagakarsa -- jati -- ,rawamangun -- tanjung priok -- jati -- jagakarsa -- pisangan timur -- cipinang -- cipinang -- berputar -- cipinang besar utara -- ngurah rai -- cipinang -- cipinang -- p. revolusi -- pondok bambu -- 
K W K,-,ACT09,Kalisari - Term. Cililitan,Cililitan,T,Jakarta Timur,Jaktim,kalisari -- pekayon -- baru -- cijantung -- kramat jati -- kramat -- cililitan -- ,cililitan -- kramat -- kramat jati -- cijantung -- baru -- pekayon -- kalisari -- 
K W K,-,ACT19,Pinang Ranti - Depok,Pinang Ranti,T,Jakarta Timur,Jaktim,pinang ranti -- lubang buaya -- lubang buaya -- rambutan -- pasar minggu -- lenteng agung -- margonda raya -- depok -- ,depok -- margonda raya -- lenteng agung -- pasar minggu -- rambutan -- lubang buaya -- lubang buaya -- pinang ranti -- 
K W K,-,U01,Tanjung Priok - Raya Cacing,Tanjung Priok,U,Jakarta Utara,Jakut,tanjung priok -- cilincing -- sukabumi selatan -- pondok bambu -- ,pondok bambu -- sukabumi selatan -- cilincing -- tanjung priok -- 
K W K,-,U02,Koja Baru - Rorotan,Koja Baru,U,Jakarta Utara,Jakut,koja -- tugu utara -- tugu utara -- tugu utara -- semper barat -- rorotan -- smun 115 -- ,smun 115 -- rorotan -- semper barat -- tugu utara -- tugu utara -- tugu utara -- koja -- 
K W K,-,U03,Sampur - Pasar Cakung,Sampur,U,Jakarta Utara,Jakut,sampur-jl. dobo -- jl. jombang -- koja utara -- jl. donggala -- tanjung priok -- cilincing -- lagoa -- lagoa -- kayu putih -- kapuk -- kramat -- cakung -- ,cakung -- kramat -- kapuk -- kayu putih -- lagoa -- lagoa -- cilincing -- tanjung priok -- jl. donggala -- koja utara -- jl. jombang -- sampur-jl. dobo -- 
K W K,-,U03A,Sukapura - Tanjung Priok,Tanjung Priok,U,Jakarta Utara,Jakut,sukapura -- semper barat -- tugu utara -- duri kepa -- lagoa -- lagoa -- lagoa -- cilincing -- tanjung priok -- jl. sulawesi -- tanjung priok -- tanjung priok -- ,tanjung priok -- tanjung priok -- jl. sulawesi -- tanjung priok -- cilincing -- lagoa -- lagoa -- lagoa -- duri kepa -- tugu utara -- semper barat -- sukapura -- 
K W K,-,U04,Vespa - Term. Rawamangun,Rawamangun,T,Jakarta Timur,Jaktim,kelapa gading barat -- pegangsaan dua -- kelapa gading barat -- raparinyo -- cililitan -- cipinang cempedak -- kelapa gading barat -- tugu utara -- kelapa gading barat -- kayu putih -- kampus ami/asmi -- pulo -- pulo -- kayu putih -- kayu putih -- jati -- ,rawamangun -- jati -- jati -- kayu putih -- kayu putih -- pulo -- pulo -- kampus ami/asmi -- kayu putih -- kelapa gading barat -- tugu utara -- kelapa gading barat -- cipinang cempedak -- cililitan -- raparinyo -- kelapa gading barat -- 
K W K,-,U05,Tanjung Priok - Bulak Turi,Tanjung Priok,U,Jakarta Utara,Jakut,tanjung priok -- tanjung priok -- tanjung priok -- jl. sulawesi -- cilincing -- lagoa -- dukuh -- pondok bambu -- semper barat -- jl. bhakti -- marunda -- tugu utara -- ,tugu utara -- marunda -- jl. bhakti -- semper barat -- pondok bambu -- dukuh -- lagoa -- cilincing -- jl. sulawesi -- tanjung priok -- tanjung priok -- tanjung priok -- 
K W K,-,U06,Tanjung Priok - Walang Baru,Tanjung Priok,U,Jakarta Utara,Jakut,tanjung priok -- tanjung priok -- jl. sulawesi -- cawang -- tanjung priok -- cilincing -- kramat -- tugu utara -- kayu putih -- tugu utara -- rawa badak utara -- rawa badak utara -- baru -- ,baru -- rawa badak utara -- rawa badak utara -- tugu utara -- kayu putih -- tugu utara -- kramat -- cilincing -- tanjung priok -- cawang -- jl. sulawesi -- tanjung priok -- tanjung priok -- 
K W K,-,U07,Term. Tanjung Priok - I.G.I,Tanjung Priok,U,Jakarta Utara,Jakut,tanjung priok -- tanjung priok -- sunter agung -- palmerah -- rawa badak utara -- rawa badak utara -- pondok pinang -- lagoa -- cipinang besar utara -- jati -- johar baru -- kayu putih -- tugu utara -- kramat -- pegangsaan -- i.g.i -- ,i.g.i -- pegangsaan -- kramat -- tugu utara -- kayu putih -- johar baru -- jati -- cipinang besar utara -- lagoa -- pondok pinang -- rawa badak utara -- rawa badak utara -- palmerah -- sunter agung -- tanjung priok -- tanjung priok -- 
K W K,-,U08,Term. Tanjung Priok - Rorotan,Tanjung Priok,U,Jakarta Utara,Jakut,tanjung priok -- tanjung priok -- jl. sulawesi -- tanjung priok -- cawang -- jl. dobo-jl. deli -- rawa badak utara -- pondok pinang -- lagoa -- duri kepa -- pasar minggu -- rawa badak utara -- semper barat -- rorotan -- ,rorotan -- semper barat -- rawa badak utara -- pasar minggu -- duri kepa -- lagoa -- pondok pinang -- rawa badak utara -- jl. dobo-jl. deli -- cawang -- tanjung priok -- jl. sulawesi -- tanjung priok -- tanjung priok -- 
K W K,-,U09,Tanjung Priok - Cilincing,Tanjung Priok,U,Jakarta Utara,Jakut,tanjung priok -- tanjung priok -- sunter agung -- rawa badak utara -- baru -- tugu utara -- tugu utara -- lagoa -- kramat -- cilincing -- cilincing -- ,cilincing -- cilincing -- kramat -- lagoa -- tugu utara -- tugu utara -- baru -- rawa badak utara -- sunter agung -- tanjung priok -- tanjung priok -- 
K W K,-,U10,Sunter Permai - Muara Angke,Sunter,U,Jakarta Utara,Jakut,sunter agung -- pengadilan ju -- pekojan -- bongkaran -- pademangan 4/8 -- pademangan barat -- gunung sahari selatan -- mangga dua selatan -- pinangsia -- pinangsia -- pinangsia -- roa malaka -- roa malaka -- pluit -- tanah sereal -- ,angke -- pluit -- mega mall -- pluit -- pejagalan -- ciganjur -- pluit -- roa malaka -- roa malaka -- pinangsia -- pinangsia -- pinangsia -- mangga dua selatan -- gunung sahari selatan -- pademangan timur -- 
K W K,-,U11,Muara Baru - Taman Bandara,Muara Baru,U,Jakarta Utara,Jakut,baru -- jl. gudang panjang -- pluit -- pluit -- pluit -- mega mall -- pluit -- kelapa gading barat -- kapuk -- kamal muara -- taman bandara (belakang) -- ,lebak bulus -- kamal muara -- kapuk -- kelapa gading barat -- pluit -- mega mall -- pluit -- pluit -- pluit -- jl. gudang panjang -- baru -- 
K W K,-,U13,Mall Kelapa Gading (P1) - Serdang,Mall Kelapa Gading (P1),U,Jakarta Utara,Jakut,kelapa gading barat -- kelapa gading barat -- kelapa gading barat -- jl. kelapa nias p2 -- pegangsaan -- jl. kelapa hibrida p3 -- kramat -- kelapa gading barat -- jl. yos sudarso putaran i -- sunter agung -- ,serdang -- sunter jaya -- sunter agung -- sunter agung -- sunter agung -- sunter agung -- sunter agung -- jl. yos sudarso putaran i -- kelapa gading barat -- kramat -- kelapa gading barat -- 
